0 0
1 0
2 0
3 0
4 0
5 0
6 0
7 0
8 0
9 0
10 0
11 0
12 0
13 0
14 0
15 0
16 0
17 0
18 0
19 0
20 0
21 0
22 0
23 0
24 0
25 0
26 0
27 0
28 0
29 0
30 0
31 0
32 0
33 0
34 0
35 0
36 0
37 0
38 0
39 0
40 0
41 0
42 0
43 0
44 0
45 0
46 0
47 0
48 0
49 0
50 0
51 0
52 0
53 0
54 0
55 0
56 0
57 0
58 0
59 0
60 0
61 0
62 0
63 0
64 0
65 0
66 0
67 0
68 0
69 0
70 0
71 0
72 0
73 0
74 0
75 0
76 0.030308
77 0.0332582
78 0
79 0
80 0
81 0
82 0
83 0
84 0
85 0
86 0
87 0
88 0
89 0
90 0
91 0
92 0
93 0
94 0
95 0
96 0
97 0
98 0
99 0.170869
100 0.240915
101 0.402287
102 0.18166
103 0.0480605
104 0
105 0
106 0
107 0
108 0
109 0
110 0
111 0
112 0
113 0
114 0
115 0
116 0
117 0
118 0
119 0
120 0
121 0
122 0
123 0.121011
124 0.25515
125 0.555882
126 0.534968
127 0.555303
128 0.574664
129 0.482736
130 0.318032
131 0.212808
132 0.162879
133 0.204889
134 0.158486
135 0.149947
136 0.163167
137 0.0765591
138 0
139 0
140 0
141 0
142 0
143 0
144 0
145 0
146 0
147 0.154548
148 0.280786
149 0.311601
150 0.410488
151 0.394857
152 0.528237
153 0.634197
154 0.657608
155 0.696221
156 0.558633
157 0.669352
158 0.567398
159 0.621907
160 0.803483
161 0.661944
162 0.511578
163 0.00492536
164 0
165 0
166 0
167 0
168 0
169 0
170 0
171 0.0544968
172 0
173 0
174 0
175 0
176 0
177 0.115582
178 0.311071
179 0.426623
180 0.393777
181 0.447169
182 0.460367
183 0.655463
184 0.803117
185 0.551564
186 0.32716
187 0
188 0
189 0
190 0
191 0
192 0
193 0
194 0
195 0
196 0
197 0
198 0
199 0
200 0
201 0
202 0
203 0
204 0
205 0
206 0
207 0.0319179
208 0.0863509
209 0.0105589
210 0
211 0
212 0
213 0
214 0
215 0
216 0
217 0
218 0
219 0
220 0
221 0
222 0
223 0
224 0
225 0
226 0
227 0
228 0
229 0
230 0
231 0.0145656
232 0.204656
233 0
234 0
235 0
236 0
237 0
238 0
239 0
240 0
241 0
242 0
243 0
244 0
245 0
246 0
247 0
248 0
249 0
250 0
251 0
252 0
253 0
254 0.287837
255 0.414153
256 0.371945
257 0
258 0
259 0
260 0
261 0
262 0
263 0
264 0
265 0
266 0
267 0
268 0
269 0
270 0
271 0
272 0
273 0
274 0
275 0
276 0
277 0.175831
278 0.518222
279 0.578103
280 0.0624793
281 0
282 0
283 0
284 0
285 0
286 0
287 0
288 0
289 0
290 0
291 0
292 0
293 0
294 0
295 0
296 0
297 0
298 0
299 0
300 0
301 0.386467
302 0.510405
303 0.416262
304 0
305 0
306 0
307 0
308 0
309 0
310 0
311 0
312 0
313 0
314 0
315 0
316 0
317 0
318 0
319 0
320 0
321 0
322 0
323 0
324 0.173756
325 0.500954
326 0.46771
327 0
328 0
329 0
330 0
331 0
332 0
333 0
334 0
335 0
336 0
337 0
338 0
339 0
340 0
341 0
342 0
343 0
344 0
345 0
346 0
347 0.00535411
348 0.385501
349 0.475584
350 0.216522
351 0
352 0
353 0
354 0
355 0
356 0
357 0
358 0
359 0
360 0
361 0
362 0
363 0
364 0
365 0
366 0
367 0
368 0
369 0
370 0
371 0.248568
372 0.469499
373 0.535541
374 0
375 0
376 0
377 0
378 0
379 0
380 0
381 0
382 0
383 0
384 0
385 0
386 0
387 0
388 0
389 0
390 0
391 0
392 0
393 0
394 0.180303
395 0.456076
396 0.581744
397 0.231208
398 0
399 0
400 0
401 0
402 0
403 0
404 0
405 0
406 0
407 0
408 0
409 0
410 0
411 0
412 0
413 0
414 0
415 0
416 0
417 0
418 0.405678
419 0.552541
420 0.576211
421 0
422 0
423 0
424 0
425 0
426 0
427 0
428 0
429 0
430 0
431 0
432 0
433 0
434 0
435 0
436 0
437 0
438 0
439 0
440 0
441 0.284897
442 0.500563
443 0.529436
444 0.0539894
445 0
446 0
447 0
448 0
449 0
450 0
451 0
452 0
453 0
454 0
455 0
456 0
457 0
458 0
459 0
460 0
461 0
462 0
463 0
464 0.107257
465 0.521744
466 0.605822
467 0.268197
468 0
469 0
470 0
471 0
472 0
473 0
474 0
475 0
476 0
477 0
478 0
479 0
480 0
481 0
482 0
483 0
484 0
485 0
486 0
487 0.000910908
488 0.351054
489 0.584329
490 0.69097
491 0
492 0
493 0
494 0
495 0
496 0
497 0
498 0
499 0
500 0
501 0
502 0
503 0
504 0
505 0
506 0
507 0
508 0
509 0
510 0
511 0.172154
512 0.561638
513 0.772728
514 0.398076
515 0
516 0
517 0
518 0
519 0
520 0
521 0
522 0
523 0
524 0
525 0
526 0
527 0
528 0
529 0
530 0
531 0
532 0
533 0
534 0
535 0.306763
536 0.593162
537 0.685576
538 0
539 0
540 0
541 0
542 0
543 0
544 0
545 0
546 0
547 0
548 0
549 0
550 0
551 0
552 0
553 0
554 0
555 0
556 0
557 0
558 0
559 0.167862
560 0.29162
561 0.177308
562 0
563 0
564 0
565 0
566 0
567 0
568 0
569 0
570 0
571 0
572 0
573 0
574 0
575 0
576 0
577 0
578 0
579 0
580 0
581 0
582 0
583 0
584 0
585 0
586 0
587 0
588 0
589 0
590 0
591 0
592 0
593 0
594 0
595 0
596 0
597 0
598 0
599 0
600 0
601 0
602 0
603 0
604 0
605 0
606 0
607 0
608 0
609 0
610 0
611 0
612 0
613 0
614 0
615 0
616 0
617 0
618 0
619 0
620 0
621 0
622 0
623 0
624 0
625 0
626 0
627 0
628 0
629 0
630 0
631 0
632 0
633 0
634 0
635 0
636 0
637 0
638 0
639 0
640 0
641 0
642 0
643 0
644 0
645 0
646 0
647 0
648 0
649 0
650 0
651 0
652 0
653 0
654 0
655 0
656 0
657 0
658 0
659 0
660 0
661 0
662 0
663 0
664 0
665 0
666 0
667 0
668 0
669 0
670 0
671 0
672 0
673 0
674 0
675 0
676 0
677 0
678 0
679 0
680 0
681 0
682 0
683 0
684 0
685 0
686 0
687 0
688 0
689 0
690 0
691 0
692 0
693 0
694 0
695 0
696 0
697 0
698 0
699 0
700 0
701 0
702 0
703 0
704 0
705 0
706 0
707 0
708 0
709 0
710 0
711 0
712 0
713 0
714 0
715 0
716 0
717 0.00386439
718 0
719 0
720 0
721 0
722 0.0238697
723 0.0750657
724 0.230655
725 0.448058
726 0.333317
727 0.0333238
728 0
729 0
730 0
731 0
732 0
733 0
734 0
735 0
736 0
737 0
738 0
739 0
740 0
741 0
742 0
743 0
744 0
745 0
746 0.232035
747 0.594102
748 0.874333
749 1.08255
750 1.01803
751 1.00145
752 0.909905
753 0.857201
754 0.820903
755 0.759906
756 0.675147
757 0.716271
758 0.741776
759 0.631537
760 0.0913923
761 0
762 0
763 0.0550738
764 0.0593999
765 0
766 0
767 0
768 0
769 0
770 0.206979
771 0.316982
772 0.415227
773 0.369838
774 0.442165
775 0.573038
776 0.728174
777 0.877542
778 1.00281
779 1.06347
780 1.06957
781 1.1109
782 1.02628
783 0.647492
784 0
785 0
786 0.270361
787 0.333561
788 0.081105
789 0
790 0
791 0
792 0
793 0
794 0.0312761
795 0.0570107
796 0.0164273
797 0.0114182
798 0.00802551
799 0.0886193
800 0.135014
801 0.110966
802 0.147869
803 0.174004
804 0.22517
805 0.224265
806 0
807 0
808 0
809 0
810 0.260869
811 0.196699
812 0
813 0.000108523
814 0
815 0
816 0
817 0
818 0
819 0
820 0
821 0
822 0
823 0
824 0.0277561
825 0
826 0.0174628
827 0
828 0.0110408
829 0
830 0
831 0
832 0
833 0.282833
834 0.335282
835 0.0294405
836 0
837 0
838 0
839 0
840 0
841 0
842 0
843 0
844 0
845 0
846 0
847 0
848 0
849 0
850 0
851 0
852 0
853 0
854 0
855 0
856 0.162492
857 0.466138
858 0.205141
859 0
860 0
861 0
862 0
863 0
864 0
865 0
866 0
867 0
868 0
869 0
870 0
871 0
872 0
873 0
874 0
875 0
876 0
877 0
878 0
879 0
880 0.455237
881 0.428948
882 0.0710199
883 0.00648073
884 0
885 0
886 0
887 0
888 0
889 0
890 0
891 0
892 0
893 0
894 0
895 0
896 0
897 0
898 0
899 0
900 0
901 0
902 0
903 0.224982
904 0.455857
905 0.163811
906 0
907 0
908 0
909 0
910 0
911 0
912 0
913 0
914 0
915 0
916 0
917 0
918 0
919 0
920 0
921 0
922 0
923 0
924 0
925 0
926 0
927 0.364847
928 0.328085
929 0
930 0
931 0
932 0
933 0
934 0
935 0
936 0
937 0
938 0
939 0
940 0
941 0
942 0
943 0
944 0
945 0
946 0
947 0
948 0
949 0
950 0.137858
951 0.375655
952 0.139945
953 0
954 0
955 0
956 0
957 0
958 0
959 0
960 0
961 0
962 0
963 0
964 0
965 0
966 0
967 0
968 0
969 0
970 0
971 0
972 0
973 0
974 0.419518
975 0.338235
976 0
977 0
978 0
979 0
980 0
981 0
982 0
983 0
984 0
985 0
986 0
987 0
988 0
989 0
990 0
991 0
992 0
993 0
994 0
995 0
996 0
997 0.419451
998 0.485872
999 0.121854
1000 0
1001 0
1002 0
1003 0
1004 0
1005 0
1006 0
1007 0
1008 0
1009 0
1010 0
1011 0
1012 0
1013 0
1014 0
1015 0
1016 0
1017 0
1018 0
1019 0
1020 0.346742
1021 0.615824
1022 0.287992
1023 0
1024 0
1025 0
1026 0
1027 0
1028 0
1029 0
1030 0
1031 0
1032 0
1033 0
1034 0
1035 0
1036 0
1037 0
1038 0
1039 0
1040 0
1041 0
1042 0
1043 0.0431027
1044 0.640379
1045 0.398898
1046 0.0451635
1047 0
1048 0
1049 0
1050 0
1051 0
1052 0
1053 0
1054 0
1055 0
1056 0
1057 0
1058 0
1059 0
1060 0
1061 0
1062 0
1063 0
1064 0
1065 0
1066 0
1067 0.118917
1068 0.233355
1069 0.131563
1070 0
1071 0
1072 0
1073 0
1074 0
1075 0
1076 0
1077 0
1078 0
1079 0
1080 0
1081 0
1082 0
1083 0
1084 0
1085 0
1086 0
1087 0
1088 0
1089 0
1090 0
1091 0
1092 0.0194996
1093 0
1094 0
1095 0
1096 0
1097 0
1098 0
1099 0
1100 0
1101 0
1102 0
1103 0
1104 0
1105 0
1106 0
1107 0
1108 0
1109 0
1110 0
1111 0
1112 0
1113 0
1114 0
1115 0.129877
1116 0.18996
1117 0
1118 0
1119 0
1120 0
1121 0
1122 0
1123 0
1124 0
1125 0
1126 0
1127 0
1128 0
1129 0
1130 0
1131 0
1132 0
1133 0
1134 0
1135 0.0463982
1136 0.186992
1137 0.614971
1138 0.721665
1139 0.516521
1140 0.117869
1141 0
1142 0
1143 0
1144 0
1145 0
1146 0
1147 0
1148 0
1149 0
1150 0
1151 0
1152 0
1153 0
1154 0
1155 0
1156 0
1157 0
1158 0
1159 0
1160 0
1161 0
1162 0
1163 0
1164 0
1165 0
1166 0
1167 0
1168 0
1169 0
1170 0
1171 0
1172 0
1173 0
1174 0
1175 0
1176 0
1177 0
1178 0
1179 0
1180 0
1181 0
1182 0
1183 0
1184 0
1185 0
1186 0
1187 0
1188 0
1189 0
1190 0
1191 0
1192 0
1193 0
1194 0
1195 0
1196 0
1197 0
1198 0
1199 0
1200 0
1201 0
1202 0
1203 0
1204 0
1205 0
1206 0
1207 0
1208 0
1209 0
1210 0
1211 0
1212 0
1213 0
1214 0
1215 0
1216 0
1217 0
1218 0
1219 0
1220 0
1221 0
1222 0
1223 0
1224 0
1225 0
1226 0.0199867
1227 0.0336737
1228 0.0191188
1229 0.066862
1230 0.090296
1231 0.129047
1232 0.0928553
1233 0.0681108
1234 0.0229233
1235 0.00469222
1236 0
1237 0
1238 0
1239 0
1240 0
1241 0
1242 0
1243 0
1244 0
1245 0
1246 0
1247 0
1248 0
1249 0
1250 0.00754568
1251 0
1252 0.143331
1253 0.36195
1254 0.612849
1255 0.579083
1256 0.488184
1257 0.359995
1258 0.263216
1259 0.202763
1260 0.175288
1261 0.175288
1262 0.175288
1263 0.175288
1264 0.166096
1265 0.133851
1266 0.138333
1267 0.118147
1268 0.0649078
1269 0.0101497
1270 0
1271 0
1272 0
1273 0
1274 0
1275 0.244645
1276 0.588044
1277 1.02728
1278 1.19427
1279 1.15477
1280 1.00615
1281 0.846262
1282 0.743569
1283 0.66618
1284 0.636234
1285 0.633121
1286 0.637046
1287 0.649292
1288 0.657282
1289 0.68017
1290 0.595212
1291 0.457665
1292 0.229849
1293 0.0586662
1294 0
1295 0
1296 0
1297 0
1298 0.142165
1299 0.292435
1300 0.465688
1301 0.660485
1302 0.920864
1303 1.09732
1304 1.25558
1305 1.40586
1306 1.45584
1307 1.44798
1308 1.42245
1309 1.43789
1310 1.46742
1311 1.51076
1312 1.42682
1313 1.34281
1314 1.23726
1315 0.941245
1316 0.486736
1317 0.109821
1318 0
1319 0
1320 0
1321 0
1322 0
1323 0
1324 0
1325 0
1326 0
1327 0
1328 0.123095
1329 0.508998
1330 0.669462
1331 0.789956
1332 0.783527
1333 0.827664
1334 0.888425
1335 0.744275
1336 0.805788
1337 0.999709
1338 1.22665
1339 1.08658
1340 0.610771
1341 0.144705
1342 0
1343 0
1344 0
1345 0
1346 0
1347 0
1348 0
1349 0
1350 0
1351 0
1352 0
1353 0
1354 0
1355 0
1356 0
1357 0
1358 0
1359 0
1360 0
1361 0.158117
1362 0.566591
1363 0.760896
1364 0.492199
1365 0.146484
1366 0
1367 0
1368 0
1369 0
1370 0
1371 0
1372 0
1373 0
1374 0
1375 0
1376 0
1377 0
1378 0
1379 0
1380 0
1381 0
1382 0
1383 0
1384 0
1385 0
1386 0.148645
1387 0.392314
1388 0.31168
1389 0.104378
1390 0
1391 0
1392 0
1393 0
1394 0
1395 0
1396 0
1397 0
1398 0
1399 0
1400 0
1401 0
1402 0
1403 0
1404 0
1405 0
1406 0
1407 0.225593
1408 0.25869
1409 0.062432
1410 0.141017
1411 0.281246
1412 0.201728
1413 0.0404695
1414 0
1415 0
1416 0
1417 0
1418 0
1419 0
1420 0
1421 0
1422 0
1423 0
1424 0
1425 0
1426 0
1427 0
1428 0
1429 0.031077
1430 0.309811
1431 0.419838
1432 0.201025
1433 0.110197
1434 0.245639
1435 0.286213
1436 0.128049
1437 0
1438 0
1439 0
1440 0
1441 0
1442 0
1443 0
1444 0
1445 0
1446 0
1447 0
1448 0
1449 0
1450 0
1451 0
1452 0.0215458
1453 0.20018
1454 0.314923
1455 0.205748
1456 0
1457 0.0377111
1458 0.199692
1459 0.193036
1460 0.0437208
1461 0
1462 0
1463 0
1464 0
1465 0
1466 0
1467 0
1468 0
1469 0
1470 0
1471 0
1472 0
1473 0
1474 0
1475 0.0275871
1476 0.0277247
1477 0.17008
1478 0.17563
1479 0
1480 0
1481 0.12785
1482 0.177584
1483 0.0949907
1484 0.00894344
1485 0
1486 0
1487 0
1488 0
1489 0
1490 0
1491 0
1492 0
1493 0
1494 0
1495 0
1496 0
1497 0
1498 0.0170324
1499 0
1500 0.0794955
1501 0.181056
1502 0.073268
1503 0
1504 0.120483
1505 0.265281
1506 0.181755
1507 0.0179929
1508 0
1509 0
1510 0
1511 0
1512 0
1513 0
1514 0
1515 0
1516 0
1517 0
1518 0
1519 0
1520 0
1521 0
1522 0.00900065
1523 0.0230695
1524 0.331826
1525 0.39129
1526 0.116321
1527 0.0352969
1528 0.207086
1529 0.236307
1530 0.0871261
1531 0
1532 0
1533 0
1534 0
1535 0
1536 0
1537 0
1538 0
1539 0
1540 0
1541 0
1542 0
1543 0
1544 0
1545 0.0452939
1546 0
1547 0.321082
1548 0.525382
1549 0.433111
1550 0.0880749
1551 0.130141
1552 0.242993
1553 0.179281
1554 0.0142032
1555 0
1556 0
1557 0
1558 0
1559 0
1560 0
1561 0
1562 0
1563 0
1564 0
1565 0
1566 0
1567 0
1568 0.00282459
1569 0
1570 0.203414
1571 0.46955
1572 0.549068
1573 0.171488
1574 0.0574401
1575 0.166557
1576 0.2235
1577 0.0868606
1578 0
1579 0
1580 0
1581 0
1582 0
1583 0
1584 0
1585 0
1586 0
1587 0
1588 0
1589 0
1590 0
1591 0.00258895
1592 0.0354522
1593 0.071721
1594 0.387064
1595 0.530982
1596 0.259175
1597 0
1598 0.0339928
1599 0.192229
1600 0.156068
1601 0.0138275
1602 0
1603 0
1604 0
1605 0
1606 0
1607 0
1608 0
1609 0
1610 0
1611 0
1612 0
1613 0
1614 0
1615 0.0147623
1616 0
1617 0.273376
1618 0.416306
1619 0.270223
1620 0
1621 0
1622 0.0891205
1623 0.159077
1624 0.0707868
1625 0
1626 0
1627 0
1628 0
1629 0
1630 0
1631 0
1632 0
1633 0
1634 0
1635 0
1636 0
1637 0
1638 0.0124367
1639 0
1640 0.179787
1641 0.450004
1642 0.365937
1643 0.0321065
1644 0
1645 0.144323
1646 0.161803
1647 0.0960213
1648 0.00556219
1649 0
1650 0
1651 0
1652 0
1653 0
1654 0
1655 0
1656 0
1657 0
1658 0
1659 0
1660 0
1661 0
1662 0
1663 0.0424275
1664 0.351934
1665 0.412959
1666 0.313818
1667 0.263163
1668 0.406033
1669 0.408895
1670 0.17194
1671 0.0217987
1672 0
1673 0
1674 0
1675 0
1676 0
1677 0
1678 0
1679 0
1680 0
1681 0
1682 0
1683 0
1684 0
1685 0
1686 0.00618263
1687 0.200379
1688 0.27233
1689 0.207699
1690 0.306468
1691 0.528206
1692 0.692744
1693 0.468643
1694 0.104663
1695 0
1696 0
1697 0
1698 0
1699 0
1700 0
1701 0
1702 0
1703 0
1704 0
1705 0
1706 0
1707 0
1708 0
1709 0
1710 0.0137069
1711 0.0598907
1712 0.00883789
1713 0.0239097
1714 0
1715 0.266452
1716 0.416522
1717 0.346869
1718 0.0599206
1719 0
1720 0
1721 0
1722 0
1723 0
1724 0
1725 0
1726 0
1727 0
1728 0.0806799
1729 0.0806799
1730 0.0806799
1731 0.0806799
1732 0.0806799
1733 0.0806799
1734 0.0806799
1735 0.0806799
1736 0.0806799
1737 0.0806799
1738 0.0806799
1739 0.0806799
1740 0.0806799
1741 0.0806799
1742 0.0806799
1743 0.0806799
1744 0.0806799
1745 0.0806799
1746 0.0806799
1747 0.0806799
1748 0.0806799
1749 0.0806799
1750 0.0806799
1751 0.0806799
1752 0.0806799
1753 0.0806799
1754 0.0806799
1755 0.0806799
1756 0.0806799
1757 0.0806799
1758 0.0806799
1759 0.0806799
1760 0.0806799
1761 0.0806799
1762 0.0806799
1763 0.0806799
1764 0.0806799
1765 0.0806799
1766 0.0806799
1767 0.0806799
1768 0.0806799
1769 0.0806799
1770 0.0806799
1771 0.0806799
1772 0.0806799
1773 0.0806799
1774 0.0806799
1775 0.0806799
1776 0.0806799
1777 0.0806799
1778 0.0806799
1779 0.0806799
1780 0.0806799
1781 0.0806799
1782 0.0806799
1783 0.0806799
1784 0.0806799
1785 0.0806799
1786 0.0806799
1787 0.0806799
1788 0.0806799
1789 0.0806799
1790 0.0806799
1791 0.0806799
1792 0.0806799
1793 0.0806799
1794 0.0806799
1795 0.0806799
1796 0.0806799
1797 0.0806799
1798 0.0806799
1799 0.0806799
1800 0.0806799
1801 0.0806799
1802 0.0792476
1803 0.108651
1804 0.172685
1805 0.260163
1806 0.394834
1807 0.417398
1808 0.354289
1809 0.256269
1810 0.155478
1811 0.108712
1812 0.0806799
1813 0.0806799
1814 0.0806799
1815 0.0806799
1816 0.0806799
1817 0.0806799
1818 0.0806799
1819 0.0806799
1820 0.0806799
1821 0.0806799
1822 0.0806799
1823 0.0806799
1824 0.0806799
1825 0.0806799
1826 0.0158816
1827 0
1828 0
1829 0
1830 0
1831 0
1832 0
1833 0.15101
1834 0.434237
1835 0.507207
1836 0.520952
1837 0.520952
1838 0.520952
1839 0.520952
1840 0.521429
1841 0.513066
1842 0.461506
1843 0.383644
1844 0.25361
1845 0.12117
1846 0.0806799
1847 0.0806799
1848 0.0806799
1849 0.0806799
1850 0
1851 0
1852 0
1853 0
1854 0
1855 0
1856 0
1857 0
1858 0
1859 0
1860 0
1861 0
1862 0
1863 0
1864 0
1865 0
1866 0
1867 0
1868 0.0416486
1869 0.121476
1870 0.0806799
1871 0.0806799
1872 0.0806799
1873 0.0806799
1874 0
1875 0
1876 0
1877 0
1878 0
1879 0
1880 0
1881 0
1882 0
1883 0
1884 0
1885 0
1886 0
1887 0
1888 0
1889 0
1890 0
1891 0
1892 0
1893 0
1894 0.0806799
1895 0.0806799
1896 0.0806799
1897 0.0806799
1898 0.100418
1899 0.40388
1900 0.721747
1901 0.772241
1902 0.43052
1903 0.284761
1904 0.0164836
1905 0
1906 0
1907 0
1908 0
1909 0
1910 0
1911 0
1912 0
1913 0
1914 0
1915 0
1916 0
1917 0
1918 0.0806799
1919 0.0806799
1920 0.0806799
1921 0.0806799
1922 0.34631
1923 0.563335
1924 0.886766
1925 0.92683
1926 1.03186
1927 1.05174
1928 1.02946
1929 1.14014
1930 1.03078
1931 0.945038
1932 0.947846
1933 0.972056
1934 0.879895
1935 0.325163
1936 0
1937 0
1938 0
1939 0
1940 0
1941 0
1942 0.0806799
1943 0.0806799
1944 0.0806799
1945 0.0806799
1946 0.160439
1947 0.252397
1948 0.298241
1949 0.37246
1950 0.427463
1951 0.590485
1952 0.71012
1953 0.818226
1954 0.864112
1955 0.910328
1956 0.954212
1957 0.942901
1958 0.646728
1959 0
1960 0
1961 0
1962 0
1963 0
1964 0
1965 0.0976718
1966 0.0806799
1967 0.0806799
1968 0.0806799
1969 0.0806799
1970 0.0806799
1971 0.0806799
1972 0.0806799
1973 0.0806799
1974 0.0806799
1975 0.100917
1976 0.168385
1977 0.150726
1978 0.236801
1979 0.213656
1980 0.285404
1981 0.155108
1982 0
1983 0
1984 0
1985 0
1986 0
1987 0
1988 0
1989 0.113082
1990 0.0806799
1991 0.0806799
1992 0.0806799
1993 0.0806799
1994 0.0806799
1995 0.0806799
1996 0.0806799
1997 0.0806799
1998 0.0806799
1999 0.0806799
2000 0.0806799
2001 0.0806799
2002 0.0806799
2003 0.0806799
2004 0.0355578
2005 0
2006 0
2007 0
2008 0
2009 0
2010 0
2011 0
2012 0.0776697
2013 0.0861206
2014 0.0806799
2015 0.0806799
2016 0.0806799
2017 0.0806799
2018 0.0806799
2019 0.0806799
2020 0.0806799
2021 0.0806799
2022 0.0806799
2023 0.0806799
2024 0.0806799
2025 0.0806799
2026 0.0806799
2027 0.0805265
2028 0
2029 0
2030 0
2031 0
2032 0
2033 0
2034 0
2035 0.0769521
2036 0.106654
2037 0.0806799
2038 0.0806799
2039 0.0806799
2040 0.0806799
2041 0.0806799
2042 0.0806799
2043 0.0806799
2044 0.0806799
2045 0.0806799
2046 0.0806799
2047 0.0806799
2048 0.0806799
2049 0.0806799
2050 0.0806799
2051 0.0719943
2052 0
2053 0
2054 0
2055 0
2056 0
2057 0
2058 0
2059 0.144454
2060 0.0939794
2061 0.0806799
2062 0.0806799
2063 0.0806799
2064 0.0806799
2065 0.0806799
2066 0.0806799
2067 0.0806799
2068 0.0806799
2069 0.0806799
2070 0.0806799
2071 0.0806799
2072 0.0806799
2073 0.0806799
2074 0.079401
2075 0.00128729
2076 0
2077 0
2078 0
2079 0
2080 0
2081 0
2082 0.0723725
2083 0.0995208
2084 0.0806799
2085 0.0806799
2086 0.0806799
2087 0.0806799
2088 0.0806799
2089 0.0806799
2090 0.0806799
2091 0.0806799
2092 0.0806799
2093 0.0806799
2094 0.0806799
2095 0.0806799
2096 0.0806799
2097 0.0803559
2098 0.0294761
2099 0
2100 0
2101 0
2102 0
2103 0
2104 0
2105 0
2106 0.138168
2107 0.0821912
2108 0.0806799
2109 0.0806799
2110 0.0806799
2111 0.0806799
2112 0.0806799
2113 0.0806799
2114 0.0806799
2115 0.0806799
2116 0.0806799
2117 0.0806799
2118 0.0806799
2119 0.0806799
2120 0.0806288
2121 0.0645295
2122 0
2123 0
2124 0
2125 0
2126 0
2127 0
2128 0
2129 0.0699969
2130 0.0982111
2131 0.0806799
2132 0.0806799
2133 0.0806799
2134 0.0806799
2135 0.0806799
2136 0.0806799
2137 0.0806799
2138 0.0806799
2139 0.0806799
2140 0.0806799
2141 0.0806799
2142 0.0806799
2143 0.0806799
2144 0.0778529
2145 0
2146 0
2147 0
2148 0
2149 0
2150 0
2151 0
2152 0
2153 0.13684
2154 0.0806799
2155 0.0806799
2156 0.0806799
2157 0.0806799
2158 0.0806799
2159 0.0806799
2160 0.0806799
2161 0.0806799
2162 0.0806799
2163 0.0806799
2164 0.0806799
2165 0.0806799
2166 0.0806799
2167 0.0801513
2168 0.0569514
2169 0
2170 0
2171 0
2172 0
2173 0
2174 0
2175 0
2176 0.100859
2177 0.0979088
2178 0.0806799
2179 0.0806799
2180 0.0806799
2181 0.0806799
2182 0.0806799
2183 0.0806799
2184 0.0806799
2185 0.0806799
2186 0.0806799
2187 0.0806799
2188 0.0806799
2189 0.0806799
2190 0.0806799
2191 0.0558954
2192 0
2193 0
2194 0
2195 0
2196 0
2197 0
2198 0
2199 0.0513948
2200 0.13156
2201 0.0806799
2202 0.0806799
2203 0.0806799
2204 0.0806799
2205 0.0806799
2206 0.0806799
2207 0.0806799
2208 0.0806799
2209 0.0806799
2210 0.0806799
2211 0.0806799
2212 0.0806799
2213 0.0806799
2214 0.0796398
2215 0
2216 0
2217 0
2218 0
2219 0
2220 0
2221 0
2222 0.0190415
2223 0.14548
2224 0.0912591
2225 0.0806799
2226 0.0806799
2227 0.0806799
2228 0.0806799
2229 0.0806799
2230 0.0806799
2231 0.0806799
2232 0.0806799
2233 0.0806799
2234 0.0806799
2235 0.0806799
2236 0.0806799
2237 0.0806799
2238 0.0343097
2239 0
2240 0
2241 0
2242 0
2243 0
2244 0
2245 0
2246 0.0406769
2247 0.103974
2248 0.0806799
2249 0.0806799
2250 0.0806799
2251 0.0806799
2252 0.0806799
2253 0.0806799
2254 0.0806799
2255 0.0806799
2256 0.0806799
2257 0.0806799
2258 0.0806799
2259 0.0806799
2260 0.0806799
2261 0.0806799
2262 0
2263 0
2264 0
2265 0
2266 0
2267 0
2268 0
2269 0
2270 0
2271 0.0809822
2272 0.0806799
2273 0.0806799
2274 0.0806799
2275 0.0806799
2276 0.0806799
2277 0.0806799
2278 0.0806799
2279 0.0806799
2280 0.0806799
2281 0.0806799
2282 0.0806799
2283 0.0806799
2284 0.0806799
2285 0.0806799
2286 0
2287 0
2288 0
2289 0
2290 0
2291 0
2292 0
2293 0
2294 0.0364229
2295 0.0806799
2296 0.0806799
2297 0.0806799
2298 0.0806799
2299 0.0806799
2300 0.0806799
2301 0.0806799
2302 0.0806799
2303 0.0806799
2304 0
2305 0
2306 0
2307 0
2308 0
2309 0
2310 0
2311 0
2312 0
2313 0
2314 0
2315 0
2316 0
2317 0
2318 0
2319 0
2320 0
2321 0
2322 0
2323 0
2324 0
2325 0
2326 0
2327 0
2328 0
2329 0
2330 0
2331 0
2332 0
2333 0
2334 0
2335 0
2336 0
2337 0
2338 0
2339 0
2340 0
2341 0
2342 0
2343 0
2344 0
2345 0
2346 0
2347 0
2348 0
2349 0
2350 0
2351 0
2352 0
2353 0
2354 0
2355 0
2356 0
2357 0
2358 0
2359 0
2360 0
2361 0
2362 0
2363 0
2364 0
2365 0
2366 0
2367 0
2368 0
2369 0
2370 0
2371 0
2372 0
2373 0
2374 0
2375 0
2376 0
2377 0
2378 0
2379 0
2380 0
2381 0.0713549
2382 0.200335
2383 0.216329
2384 0.158459
2385 0.0781521
2386 0
2387 0
2388 0
2389 0
2390 0
2391 0
2392 0
2393 0
2394 0
2395 0
2396 0
2397 0
2398 0
2399 0
2400 0
2401 0
2402 0
2403 0
2404 0
2405 0
2406 0
2407 0
2408 0.135966
2409 0.203449
2410 0.29356
2411 0.283987
2412 0.275293
2413 0.275293
2414 0.275293
2415 0.275293
2416 0.285545
2417 0.31449
2418 0.262153
2419 0.173742
2420 0.07273
2421 0
2422 0
2423 0
2424 0
2425 0
2426 0
2427 0
2428 0
2429 0
2430 0
2431 0
2432 0
2433 0
2434 0
2435 0
2436 0
2437 0
2438 0
2439 0
2440 0
2441 0
2442 0
2443 0.0593296
2444 0.0655856
2445 0
2446 0
2447 0
2448 0
2449 0
2450 0.0232549
2451 0.138619
2452 0
2453 0
2454 0
2455 0
2456 0
2457 0
2458 0
2459 0
2460 0
2461 0
2462 0
2463 0
2464 0
2465 0
2466 0
2467 0
2468 0
2469 0
2470 0
2471 0
2472 0
2473 0
2474 0
2475 0.221507
2476 0.433209
2477 0.367264
2478 0.546496
2479 0.451523
2480 0.291527
2481 0
2482 0
2483 0
2484 0
2485 0
2486 0
2487 0
2488 0
2489 0
2490 0
2491 0
2492 0
2493 0
2494 0
2495 0
2496 0
2497 0
2498 0
2499 0.146065
2500 0.424789
2501 0.651976
2502 0.758553
2503 0.871246
2504 0.935917
2505 0.922101
2506 0.771701
2507 0.775361
2508 0.737764
2509 0.692671
2510 0.583486
2511 0.709808
2512 0.75674
2513 0.249883
2514 0
2515 0
2516 0
2517 0
2518 0
2519 0
2520 0
2521 0
2522 0
2523 0
2524 0.0756836
2525 0.135285
2526 0.196391
2527 0.22769
2528 0.371315
2529 0.564013
2530 0.603657
2531 0.660306
2532 0.725764
2533 0.667298
2534 0.774307
2535 0.692276
2536 0.571971
2537 0.397304
2538 0.0100338
2539 0
2540 0
2541 0
2542 0
2543 0
2544 0
2545 0
2546 0
2547 0
2548 0
2549 0
2550 0
2551 0
2552 0
2553 0.00173113
2554 0
2555 0.0638315
2556 0.0373437
2557 0.0847958
2558 0.204867
2559 0.10383
2560 0
2561 0
2562 0
2563 0
2564 0.0716011
2565 0
2566 0
2567 0
2568 0
2569 0
2570 0
2571 0
2572 0
2573 0
2574 0
2575 0
2576 0
2577 0
2578 0
2579 0
2580 0
2581 0
2582 0
2583 0
2584 0
2585 0
2586 0
2587 0
2588 0
2589 0
2590 0
2591 0
2592 0
2593 0
2594 0
2595 0
2596 0
2597 0
2598 0
2599 0
2600 0
2601 0
2602 0
2603 0
2604 0
2605 0
2606 0
2607 0
2608 0
2609 0
2610 0
2611 0.0995239
2612 0
2613 0
2614 0
2615 0
2616 0
2617 0
2618 0
2619 0
2620 0
2621 0
2622 0
2623 0
2624 0
2625 0
2626 0
2627 0
2628 0
2629 0.0574337
2630 0
2631 0
2632 0
2633 0
2634 0.126875
2635 0.0453201
2636 0
2637 0
2638 0
2639 0
2640 0
2641 0
2642 0
2643 0
2644 0
2645 0
2646 0
2647 0
2648 0
2649 0
2650 0
2651 0
2652 0.00387676
2653 0.0512021
2654 0
2655 0
2656 0
2657 0
2658 0.0709965
2659 0
2660 0
2661 0
2662 0
2663 0
2664 0
2665 0
2666 0
2667 0
2668 0
2669 0
2670 0
2671 0
2672 0
2673 0
2674 0
2675 0
2676 0
2677 0
2678 0
2679 0
2680 0
2681 0.0530859
2682 0
2683 0
2684 0
2685 0
2686 0
2687 0
2688 0
2689 0
2690 0
2691 0
2692 0
2693 0
2694 0
2695 0
2696 0
2697 0
2698 0.00223967
2699 0
2700 0
2701 0
2702 0
2703 0
2704 0
2705 0.0657688
2706 0
2707 0
2708 0
2709 0
2710 0
2711 0
2712 0
2713 0
2714 0
2715 0
2716 0
2717 0
2718 0
2719 0
2720 0
2721 0
2722 0
2723 0
2724 0
2725 0
2726 0
2727 0
2728 0.0705435
2729 0
2730 0
2731 0
2732 0
2733 0
2734 0
2735 0
2736 0
2737 0
2738 0
2739 0
2740 0
2741 0
2742 0
2743 0
2744 0
2745 0.0620157
2746 0.0481696
2747 0
2748 0
2749 0
2750 0
2751 0.0224425
2752 0.0791036
2753 0
2754 0
2755 0
2756 0
2757 0
2758 0
2759 0
2760 0
2761 0
2762 0
2763 0
2764 0
2765 0
2766 0
2767 0
2768 0
2769 0
2770 0
2771 0
2772 0
2773 0.00226246
2774 0.0393166
2775 0.166794
2776 0
2777 0
2778 0
2779 0
2780 0
2781 0
2782 0
2783 0
2784 0
2785 0
2786 0
2787 0
2788 0
2789 0
2790 0
2791 0
2792 0.0111935
2793 0
2794 0
2795 0
2796 0
2797 0.146513
2798 0.218057
2799 0.0440675
2800 0
2801 0
2802 0
2803 0
2804 0
2805 0
2806 0
2807 0
2808 0
2809 0
2810 0
2811 0
2812 0
2813 0
2814 0
2815 0
2816 0
2817 0
2818 0
2819 0
2820 0
2821 0.0674892
2822 0.0557467
2823 0
2824 0
2825 0
2826 0
2827 0
2828 0
2829 0
2830 0
2831 0
2832 0
2833 0
2834 0
2835 0
2836 0
2837 0
2838 0
2839 0
2840 0
2841 0
2842 0
2843 0
2844 0
2845 0
2846 0
2847 0
2848 0
2849 0
2850 0
2851 0
2852 0
2853 0
2854 0
2855 0
2856 0
2857 0
2858 0
2859 0
2860 0
2861 0
2862 0
2863 0.035084
2864 0
2865 0
2866 0
2867 0
2868 0
2869 0
2870 0
2871 0
2872 0
2873 0
2874 0
2875 0
2876 0
2877 0
2878 0
2879 0
2880 0.0256409
2881 0.0256409
2882 0.0256409
2883 0.0256409
2884 0.0256409
2885 0.0256409
2886 0.0256409
2887 0.0256409
2888 0.0256409
2889 0.0256409
2890 0.0256409
2891 0.0256409
2892 0.0256409
2893 0.0256409
2894 0.0256409
2895 0.0256409
2896 0.0256409
2897 0.0256409
2898 0.0256409
2899 0.0256409
2900 0.0256409
2901 0.0256409
2902 0.0256409
2903 0.0256409
2904 0.0256409
2905 0.0256409
2906 0.0256409
2907 0.0256409
2908 0.0256409
2909 0.0256409
2910 0.0256409
2911 0.0256409
2912 0.0256409
2913 0.0256409
2914 0.0256409
2915 0.0256409
2916 0.0256409
2917 0.0256409
2918 0.0256409
2919 0.0256409
2920 0.0256409
2921 0.0256409
2922 0.0256409
2923 0.0256409
2924 0.0256409
2925 0.0256409
2926 0.0256409
2927 0.0256409
2928 0.0256409
2929 0.0256409
2930 0.0256409
2931 0.0256409
2932 0.0256409
2933 0.0256409
2934 0.0256409
2935 0.0256409
2936 0.0256409
2937 0.0256409
2938 0.0256409
2939 0.0256409
2940 0.0256409
2941 0.0256409
2942 0.0256409
2943 0.0256409
2944 0.0256409
2945 0.0256409
2946 0.0256409
2947 0.0256409
2948 0.0256409
2949 0.0256409
2950 0.0256409
2951 0.0256409
2952 0.0256409
2953 0.0256409
2954 0.119098
2955 0.287085
2956 0.254005
2957 0.0396289
2958 0
2959 0
2960 0
2961 0
2962 0
2963 0.018969
2964 0.0256409
2965 0.0256409
2966 0.0256409
2967 0.0256409
2968 0.0256409
2969 0.0256409
2970 0.0256409
2971 0.0256409
2972 0.0256409
2973 0.0256409
2974 0.0256409
2975 0.0256409
2976 0.0256409
2977 0.0256409
2978 0.364365
2979 0.648132
2980 0.399908
2981 0.00687034
2982 0
2983 0
2984 0
2985 0
2986 0
2987 0
2988 0
2989 0
2990 0
2991 0
2992 0
2993 0
2994 0
2995 0
2996 0
2997 0.0160037
2998 0.0256409
2999 0.0256409
3000 0.0256409
3001 0.0256409
3002 0.394214
3003 0.562213
3004 0.297045
3005 0
3006 0
3007 0
3008 0
3009 0
3010 0
3011 0
3012 0
3013 0
3014 0
3015 0
3016 0
3017 0
3018 0
3019 0
3020 0
3021 0
3022 0.0256409
3023 0.0256409
3024 0.0256409
3025 0.0256409
3026 0.318502
3027 0.423504
3028 0.0710008
3029 0
3030 0
3031 0
3032 0
3033 0
3034 0
3035 0
3036 0
3037 0
3038 0
3039 0
3040 0.180536
3041 0
3042 0
3043 0
3044 0
3045 0
3046 0.0256409
3047 0.0256409
3048 0.0256409
3049 0.0256409
3050 0.318286
3051 0.235018
3052 0
3053 0
3054 0
3055 0
3056 0
3057 0
3058 0
3059 0
3060 0
3061 0
3062 0
3063 0.348995
3064 0.349169
3065 0
3066 0
3067 0
3068 0
3069 0
3070 0.0256409
3071 0.0256409
3072 0.0256409
3073 0.0256409
3074 0.174754
3075 0.0959749
3076 0
3077 0
3078 0
3079 0
3080 0
3081 0
3082 0
3083 0
3084 0
3085 0
3086 0
3087 0.322575
3088 0
3089 0
3090 0
3091 0
3092 0
3093 0.0439384
3094 0.0256409
3095 0.0256409
3096 0.0256409
3097 0.0256409
3098 0.0505854
3099 0.0398337
3100 0
3101 0
3102 0
3103 0
3104 0
3105 0
3106 0
3107 0
3108 0
3109 0
3110 0.19811
3111 0.508203
3112 0
3113 0
3114 0
3115 0
3116 0
3117 0.00996822
3118 0.0256409
3119 0.0256409
3120 0.0256409
3121 0.0256409
3122 0.0256409
3123 0.0256409
3124 0.0256409
3125 0.0256409
3126 0.0256409
3127 0.0319701
3128 0.0430452
3129 0
3130 0
3131 0
3132 0.0139665
3133 0.397459
3134 0.79359
3135 0.465564
3136 0
3137 0
3138 0
3139 0
3140 0
3141 0.00847314
3142 0.0256409
3143 0.0256409
3144 0.0256409
3145 0.0256409
3146 0.0256409
3147 0.0256409
3148 0.0256409
3149 0.0256409
3150 0.0256409
3151 0.0256409
3152 0.0256409
3153 0.0256409
3154 0.0256409
3155 0.0256409
3156 0.238044
3157 0.762874
3158 0.911341
3159 0
3160 0
3161 0
3162 0
3163 0
3164 0
3165 0.0227152
3166 0.0256409
3167 0.0256409
3168 0.0256409
3169 0.0256409
3170 0.0256409
3171 0.0256409
3172 0.0256409
3173 0.0256409
3174 0.0256409
3175 0.0256409
3176 0.0256409
3177 0.0256409
3178 0.0256409
3179 0.0356541
3180 0.441162
3181 0.980646
3182 0.534397
3183 0
3184 0
3185 0
3186 0
3187 0
3188 0.0123001
3189 0.0256409
3190 0.0256409
3191 0.0256409
3192 0.0256409
3193 0.0256409
3194 0.0256409
3195 0.0256409
3196 0.0256409
3197 0.0256409
3198 0.0256409
3199 0.0256409
3200 0.0256409
3201 0.0256409
3202 0.0256409
3203 0.175655
3204 0.754776
3205 0.943914
3206 0
3207 0
3208 0
3209 0
3210 0
3211 0
3212 0.0184892
3213 0.0256409
3214 0.0256409
3215 0.0256409
3216 0.0256409
3217 0.0256409
3218 0.0256409
3219 0.0256409
3220 0.0256409
3221 0.0256409
3222 0.0256409
3223 0.0256409
3224 0.0256409
3225 0.0256409
3226 0.109085
3227 0.497681
3228 0.938793
3229 0.426733
3230 0
3231 0
3232 0
3233 0
3234 0
3235 0.0155805
3236 0.0256409
3237 0.0256409
3238 0.0256409
3239 0.0256409
3240 0.0256409
3241 0.0256409
3242 0.0256409
3243 0.0256409
3244 0.0256409
3245 0.0256409
3246 0.0256409
3247 0.0256409
3248 0.0256409
3249 0.04678
3250 0.366004
3251 0.790783
3252 0.766109
3253 0
3254 0
3255 0
3256 0
3257 0
3258 0
3259 0.0248282
3260 0.0256409
3261 0.0256409
3262 0.0256409
3263 0.0256409
3264 0.0256409
3265 0.0256409
3266 0.0256409
3267 0.0256409
3268 0.0256409
3269 0.0256409
3270 0.0256409
3271 0.0256409
3272 0.0289786
3273 0.27423
3274 0.725454
3275 0.787106
3276 0.111332
3277 0
3278 0
3279 0
3280 0
3281 0
3282 0.0162136
3283 0.0256409
3284 0.0256409
3285 0.0256409
3286 0.0256409
3287 0.0256409
3288 0.0256409
3289 0.0256409
3290 0.0256409
3291 0.0256409
3292 0.0256409
3293 0.0256409
3294 0.0256409
3295 0.0256409
3296 0.0711952
3297 0.566425
3298 0.907916
3299 0.51151
3300 0
3301 0
3302 0
3303 0
3304 0
3305 0
3306 0.0256409
3307 0.0256409
3308 0.0256409
3309 0.0256409
3310 0.0256409
3311 0.0256409
3312 0.0256409
3313 0.0256409
3314 0.0256409
3315 0.0256409
3316 0.0256409
3317 0.0256409
3318 0.0256409
3319 0.060131
3320 0.338725
3321 0.847079
3322 0.709955
3323 0
3324 0
3325 0
3326 0
3327 0
3328 0
3329 0.0163762
3330 0.0256409
3331 0.0256409
3332 0.0256409
3333 0.0256409
3334 0.0256409
3335 0.0256409
3336 0.0256409
3337 0.0256409
3338 0.0256409
3339 0.0256409
3340 0.0256409
3341 0.0256409
3342 0.0256409
3343 0.207468
3344 0.663865
3345 0.963203
3346 0.16286
3347 0
3348 0
3349 0
3350 0
3351 0
3352 0
3353 0.0256409
3354 0.0256409
3355 0.0256409
3356 0.0256409
3357 0.0256409
3358 0.0256409
3359 0.0256409
3360 0.0256409
3361 0.0256409
3362 0.0256409
3363 0.0256409
3364 0.0256409
3365 0.0256409
3366 0.0935085
3367 0.499557
3368 0.855669
3369 0.811202
3370 0
3371 0
3372 0
3373 0
3374 0
3375 0
3376 0.019952
3377 0.0256409
3378 0.0256409
3379 0.0256409
3380 0.0256409
3381 0.0256409
3382 0.0256409
3383 0.0256409
3384 0.0256409
3385 0.0256409
3386 0.0256409
3387 0.0256409
3388 0.0256409
3389 0.0256409
3390 0.226877
3391 0.758453
3392 0.964155
3393 0.409917
3394 0
3395 0
3396 0
3397 0
3398 0
3399 0.0131288
3400 0.0256409
3401 0.0256409
3402 0.0256409
3403 0.0256409
3404 0.0256409
3405 0.0256409
3406 0.0256409
3407 0.0256409
3408 0.0256409
3409 0.0256409
3410 0.0256409
3411 0.0256409
3412 0.0256409
3413 0.0256409
3414 0.32987
3415 0.943599
3416 0.85436
3417 0
3418 0
3419 0
3420 0
3421 0
3422 0
3423 0.0254783
3424 0.0256409
3425 0.0256409
3426 0.0256409
3427 0.0256409
3428 0.0256409
3429 0.0256409
3430 0.0256409
3431 0.0256409
3432 0.0256409
3433 0.0256409
3434 0.0256409
3435 0.0256409
3436 0.0256409
3437 0.0256409
3438 0.292614
3439 0.693455
3440 0.348159
3441 0
3442 0
3443 0
3444 0
3445 0
3446 0.0323028
3447 0.0256409
3448 0.0256409
3449 0.0256409
3450 0.0256409
3451 0.0256409
3452 0.0256409
3453 0.0256409
3454 0.0256409
3455 0.0256409
