0 0
1 0
2 0
3 0
4 0
5 0
6 0
7 0
8 0
9 0
10 0
11 0
12 0
13 0
14 0.0332582
15 0
16 0
17 0
18 0
19 0
20 0
21 0
22 0
23 0
24 0
25 0.170869
26 0.555882
27 0.555303
28 0.574664
29 0.318032
30 0.204889
31 0.158486
32 0.163167
33 0
34 0
35 0
36 0
37 0.154548
38 0.311601
39 0.410488
40 0.634197
41 0.696221
42 0.669352
43 0.655463
44 0.803483
45 0.511578
46 0
47 0
48 0
49 0
50 0
51 0
52 0
53 0
54 0
55 0.0319179
56 0.204656
57 0
58 0
59 0
60 0
61 0
62 0
63 0
64 0
65 0
66 0.175831
67 0.578103
68 0.371945
69 0
70 0
71 0
72 0
73 0
74 0
75 0
76 0
77 0
78 0.500954
79 0.510405
80 0
81 0
82 0
83 0
84 0
85 0
86 0
87 0
88 0
89 0.248568
90 0.535541
91 0.216522
92 0
93 0
94 0
95 0
96 0
97 0
98 0
99 0
100 0
101 0.552541
102 0.581744
103 0
104 0
105 0
106 0
107 0
108 0
109 0
110 0
111 0
112 0.521744
113 0.605822
114 0.0539894
115 0
116 0
117 0
118 0
119 0
120 0
121 0
122 0
123 0.172154
124 0.772728
125 0.69097
126 0
127 0
128 0
129 0
130 0
131 0
132 0
133 0
134 0
135 0.306763
136 0.685576
137 0
138 0
139 0
140 0
141 0
142 0
143 0
144 0
145 0
146 0
147 0
148 0
149 0
150 0
151 0
152 0
153 0
154 0
155 0
156 0
157 0
158 0
159 0
160 0
161 0
162 0
163 0
164 0
165 0
166 0
167 0
168 0
169 0
170 0
171 0
172 0
173 0
174 0
175 0
176 0
177 0
178 0.00386439
179 0
180 0
181 0.594102
182 1.08255
183 1.01803
184 0.909905
185 0.820903
186 0.716271
187 0.741776
188 0.0913923
189 0.0550738
190 0.0593999
191 0
192 0
193 0.316982
194 0.415227
195 0.573038
196 0.877542
197 1.06347
198 1.1109
199 1.02628
200 0
201 0.333561
202 0.081105
203 0
204 0
205 0
206 0
207 0
208 0.0277561
209 0.0174628
210 0.0110408
211 0
212 0.466138
213 0.335282
214 0
215 0
216 0
217 0
218 0
219 0
220 0
221 0
222 0
223 0.224982
224 0.455857
225 0.0710199
226 0
227 0
228 0
229 0
230 0
231 0
232 0
233 0
234 0
235 0.375655
236 0.328085
237 0
238 0
239 0
240 0
241 0
242 0
243 0
244 0
245 0
246 0.419451
247 0.485872
248 0
249 0
250 0
251 0
252 0
253 0
254 0
255 0
256 0
257 0.0431027
258 0.640379
259 0.287992
260 0
261 0
262 0
263 0
264 0
265 0
266 0
267 0
268 0
269 0.118917
270 0.233355
271 0
272 0
273 0
274 0
275 0
276 0
277 0
278 0
279 0.0463982
280 0.614971
281 0.721665
282 0.18996
283 0
284 0
285 0
286 0
287 0
288 0
289 0
290 0
291 0
292 0
293 0
294 0
295 0
296 0
297 0
298 0
299 0
300 0
301 0.0336737
302 0.066862
303 0.129047
304 0.0928553
305 0.0229233
306 0
307 0
308 0
309 0
310 0
311 0
312 0
313 0.244645
314 1.02728
315 1.19427
316 1.00615
317 0.743569
318 0.636234
319 0.649292
320 0.68017
321 0.595212
322 0.229849
323 0
324 0
325 0.292435
326 0.660485
327 1.09732
328 1.40586
329 1.45584
330 1.43789
331 1.51076
332 1.42682
333 1.23726
334 0.610771
335 0
336 0
337 0
338 0
339 0
340 0
341 0
342 0
343 0
344 0.158117
345 0.760896
346 0.492199
347 0
348 0
349 0
350 0
351 0
352 0
353 0
354 0.031077
355 0.419838
356 0.25869
357 0.286213
358 0.201728
359 0
360 0
361 0
362 0
363 0
364 0
365 0.0275871
366 0.20018
367 0.314923
368 0.12785
369 0.199692
370 0.0437208
371 0
372 0
373 0
374 0
375 0
376 0
377 0.0230695
378 0.39129
379 0.116321
380 0.265281
381 0.181755
382 0
383 0
384 0
385 0
386 0
387 0
388 0.0452939
389 0.46955
390 0.549068
391 0.166557
392 0.242993
393 0.0142032
394 0
395 0
396 0
397 0
398 0
399 0.0147623
400 0.273376
401 0.530982
402 0.259175
403 0.192229
404 0.156068
405 0
406 0
407 0
408 0
409 0
410 0
411 0.0424275
412 0.450004
413 0.365937
414 0.408895
415 0.17194
416 0.00556219
417 0
418 0
419 0
420 0
421 0
422 0
423 0.200379
424 0.27233
425 0.528206
426 0.692744
427 0.104663
428 0
429 0
430 0
431 0
432 0.0806799
433 0.0806799
434 0.0806799
435 0.0806799
436 0.0806799
437 0.0806799
438 0.0806799
439 0.0806799
440 0.0806799
441 0.0806799
442 0.0806799
443 0.0806799
444 0.0806799
445 0.108651
446 0.260163
447 0.417398
448 0.354289
449 0.155478
450 0.0806799
451 0.0806799
452 0.0806799
453 0.0806799
454 0.0806799
455 0.0806799
456 0.0806799
457 0.0158816
458 0
459 0
460 0.15101
461 0.507207
462 0.520952
463 0.520952
464 0.521429
465 0.461506
466 0.25361
467 0.0806799
468 0.0806799
469 0.40388
470 0.772241
471 0.43052
472 0.0164836
473 0
474 0
475 0
476 0
477 0
478 0
479 0.0806799
480 0.0806799
481 0.563335
482 0.92683
483 1.05174
484 1.14014
485 1.03078
486 0.972056
487 0.879895
488 0
489 0
490 0.0976718
491 0.0806799
492 0.0806799
493 0.0806799
494 0.0806799
495 0.100917
496 0.168385
497 0.236801
498 0.285404
499 0
500 0
501 0
502 0.113082
503 0.0806799
504 0.0806799
505 0.0806799
506 0.0806799
507 0.0806799
508 0.0806799
509 0.0806799
510 0
511 0
512 0
513 0.144454
514 0.106654
515 0.0806799
516 0.0806799
517 0.0806799
518 0.0806799
519 0.0806799
520 0.0806799
521 0.079401
522 0
523 0
524 0
525 0.138168
526 0.0806799
527 0.0806799
528 0.0806799
529 0.0806799
530 0.0806799
531 0.0806799
532 0.0806288
533 0
534 0
535 0
536 0.13684
537 0.0982111
538 0.0806799
539 0.0806799
540 0.0806799
541 0.0806799
542 0.0806799
543 0.0806799
544 0.0569514
545 0
546 0
547 0.0513948
548 0.13156
549 0.0806799
550 0.0806799
551 0.0806799
552 0.0806799
553 0.0806799
554 0.0806799
555 0.0796398
556 0
557 0
558 0
559 0.14548
560 0.0912591
561 0.0806799
562 0.0806799
563 0.0806799
564 0.0806799
565 0.0806799
566 0.0806799
567 0
568 0
569 0
570 0
571 0.0809822
572 0.0806799
573 0.0806799
574 0.0806799
575 0.0806799
576 0
577 0
578 0
579 0
580 0
581 0
582 0
583 0
584 0
585 0
586 0
587 0
588 0
589 0
590 0.0713549
591 0.216329
592 0.158459
593 0
594 0
595 0
596 0
597 0
598 0
599 0
600 0
601 0
602 0
603 0
604 0.203449
605 0.29356
606 0.275293
607 0.275293
608 0.31449
609 0.262153
610 0.07273
611 0
612 0
613 0.221507
614 0.433209
615 0.546496
616 0.291527
617 0
618 0
619 0
620 0
621 0
622 0
623 0
624 0
625 0.146065
626 0.651976
627 0.871246
628 0.935917
629 0.775361
630 0.737764
631 0.774307
632 0.75674
633 0.0100338
634 0
635 0
636 0
637 0
638 0
639 0
640 0.00173113
641 0.0638315
642 0.0847958
643 0.204867
644 0
645 0
646 0.0716011
647 0
648 0
649 0
650 0
651 0
652 0
653 0
654 0.0574337
655 0
656 0
657 0.126875
658 0
659 0
660 0
661 0
662 0
663 0
664 0
665 0
666 0.0512021
667 0
668 0.0530859
669 0.0709965
670 0
671 0
672 0
673 0
674 0
675 0
676 0
677 0.00223967
678 0
679 0
680 0.0705435
681 0
682 0
683 0
684 0
685 0
686 0
687 0
688 0.0620157
689 0.0481696
690 0.00226246
691 0.166794
692 0.0791036
693 0
694 0
695 0
696 0
697 0
698 0
699 0
700 0.0111935
701 0
702 0.146513
703 0.218057
704 0
705 0
706 0
707 0
708 0
709 0
710 0
711 0.035084
712 0
713 0
714 0
715 0
716 0
717 0
718 0
719 0
720 0.0256409
721 0.0256409
722 0.0256409
723 0.0256409
724 0.0256409
725 0.0256409
726 0.0256409
727 0.0256409
728 0.0256409
729 0.0256409
730 0.0256409
731 0.0256409
732 0.0256409
733 0.287085
734 0.254005
735 0.0256409
736 0.0256409
737 0.0256409
738 0.0256409
739 0.0256409
740 0.0256409
741 0.0256409
742 0.0256409
743 0.0256409
744 0.0256409
745 0.648132
746 0.399908
747 0
748 0
749 0
750 0
751 0
752 0
753 0
754 0.0160037
755 0.0256409
756 0.0256409
757 0.423504
758 0.0710008
759 0
760 0
761 0
762 0
763 0.348995
764 0.349169
765 0
766 0
767 0.0256409
768 0.0256409
769 0.174754
770 0
771 0
772 0
773 0
774 0
775 0.508203
776 0
777 0
778 0.0439384
779 0.0256409
780 0.0256409
781 0.0256409
782 0.0256409
783 0.0319701
784 0.0430452
785 0.0256409
786 0.762874
787 0.911341
788 0
789 0
790 0.0227152
791 0.0256409
792 0.0256409
793 0.0256409
794 0.0256409
795 0.0256409
796 0.0256409
797 0.175655
798 0.980646
799 0.534397
800 0
801 0
802 0.0256409
803 0.0256409
804 0.0256409
805 0.0256409
806 0.0256409
807 0.0256409
808 0.04678
809 0.790783
810 0.938793
811 0
812 0
813 0.0248282
814 0.0256409
815 0.0256409
816 0.0256409
817 0.0256409
818 0.0256409
819 0.0256409
820 0.566425
821 0.907916
822 0.111332
823 0
824 0
825 0.0256409
826 0.0256409
827 0.0256409
828 0.0256409
829 0.0256409
830 0.0256409
831 0.207468
832 0.963203
833 0.709955
834 0
835 0
836 0.0256409
837 0.0256409
838 0.0256409
839 0.0256409
840 0.0256409
841 0.0256409
842 0.0256409
843 0.758453
844 0.964155
845 0
846 0
847 0.0131288
848 0.0256409
849 0.0256409
850 0.0256409
851 0.0256409
852 0.0256409
853 0.0256409
854 0.0256409
855 0.943599
856 0.85436
857 0
858 0
859 0.0323028
860 0.0256409
861 0.0256409
862 0.0256409
863 0.0256409
