0 -0.00106254
1 -0.0981192
2 -0.255733
3 -0.0132472
4 -0.111475
5 0.0371829
6 -0.148161
7 -0.190645
8 0.113345
9 0.185221
10 0.171968
11 0.0930085
12 0.166017
13 0.0263225
14 0.114762
15 -0.0892296
16 0.231293
17 0.0532817
18 0.0661969
19 0.0668192
20 -0.300838
21 0.083009
22 0.00523408
23 0.227361
24 0.104717
25 -0.201658
26 -0.0149474
27 -0.168217
28 -0.00131464
29 -0.0411378
30 0.198267
31 0.086814
32 0.232244
33 0.310069
34 0.312937
35 0.210043
36 -0.0985278
37 0.0339185
38 0.0547969
39 -0.0190011
40 0.0178152
41 -0.00742756
42 0.0964612
43 -0.207246
44 -0.35284
45 -0.152288
46 0.0477153
47 -0.245163
48 -0.35088
49 -0.16887
50 0.0173879
51 -0.0208176
52 0.095802
53 -0.105588
54 -0.310126
55 -0.323979
56 -0.174183
57 0.116635
58 -0.0518114
59 -0.245524
60 -0.291163
61 -0.037802
62 0.154194
63 0.230268
64 0.254111
65 0.25106
66 0.239218
67 0.090723
68 0.251338
69 0.199891
70 0.170785
71 -0.175285
72 0.0869785
73 0.0711512
74 0.0527815
75 -0.0590969
76 0.0837062
77 -0.0075871
78 0.0770765
79 -0.0103473
80 0.268633
81 0.137048
82 0.303559
83 0.00513677
84 0.109609
85 0.122016
86 0.223287
87 0.00515985
88 -0.389016
89 -0.368853
90 0.0644029
91 0.0095025
92 -0.322557
93 -0.334526
94 -0.603112
95 -0.925208
96 -0.678128
97 -0.185218
98 0.198559
99 0.198887
100 0.079429
101 0.0944895
102 -0.0043482
103 0.0806799
104 0.0481174
105 0.2708
106 0.197699
107 0.244074
108 -0.0472859
109 0.128122
110 -0.0803813
111 0.133112
112 0.214942
113 -0.00843828
114 -0.277549
115 -0.322844
116 -0.384088
117 0.101235
118 0.0942077
119 -0.149909
120 -0.0526592
121 -0.39427
122 -0.240951
123 0.0610598
124 0.177063
125 0.130996
126 0.102746
127 0.129864
128 -0.0933659
129 -0.0720247
130 -0.0414472
131 -0.129047
132 -0.213891
133 -0.107519
134 0.0949382
135 0.000868894
136 -0.24332
137 -0.0539879
138 -0.16636
139 0.252949
140 0.0952216
141 -0.0658669
142 -0.181142
143 -0.00470582
144 0.156643
145 -0.188556
146 -0.113207
147 -0.128567
148 -0.0276717
149 0.278467
150 -0.0472593
151 -0.312262
152 -0.21561
153 0.168834
154 0.283709
155 0.0256409
