0 0.0214838
1 -0.00123054
2 -0.126407
3 -0.00901105
4 -0.00851222
5 -0.157917
6 -0.169636
7 0.0995679
8 -0.0333839
9 -0.170252
10 -0.117981
11 0.00476283
12 0.0543899
13 -0.104587
14 -0.133258
15 0.13553
16 0.0849566
17 0.167688
18 -0.119678
19 0.0476383
20 0.120119
21 0.17538
22 -0.0222766
23 -0.15826
24 -0.0932298
25 0.0464925
26 -0.0160448
27 0.0488083
28 -0.0266455
29 -0.0539179
30 -0.0149357
31 -0.18245
32 -0.238369
33 0.0475233
34 0.0289659
35 0.110222
36 -0.439092
37 -0.247662
38 -0.000243779
39 0.155341
40 -0.0514944
41 -0.0896843
42 0.132906
43 -0.0958103
44 -0.0818495
45 -0.178265
46 0.0629217
47 0.0862962
48 0.117001
49 0.175291
50 0.0663357
51 -0.223646
52 -0.117972
53 -0.02972
54 0.101517
55 0.120875
56 -0.254216
57 -0.290325
58 0.0105452
59 0.0783593
60 -0.119186
61 -0.173759
62 -0.0632089
63 0.120583
64 0.014089
65 -0.12557
66 0.00641272
67 0.103595
68 -0.0412563
69 0.126911
70 -0.00817286
71 0.0210845
72 -0.0096866
73 0.0348978
74 0.0946226
75 -0.240323
76 0.0176253
77 0.10079
78 -0.303699
79 -0.292631
80 0.0551568
81 -0.122773
82 -0.0768799
83 -0.243622
84 -0.287637
85 -0.0120846
86 -0.0411257
87 -0.335957
88 -0.398897
89 -0.296069
90 0.0470756
91 -0.19855
92 -0.199075
93 -0.0635631
94 0.150944
95 -0.0574048
96 -0.234867
97 -0.206688
98 0.00892218
99 0.230951
100 -0.157829
101 0.0234611
102 0.139289
103 0.203292
104 -0.0977414
105 0.0192693
106 -0.103399
107 0.0455133
108 -0.015545
109 -0.142024
110 0.0364742
111 -0.117586
112 -0.311606
113 -0.49342
114 0.0459653
115 0.166465
116 -0.186764
117 -0.310086
118 0.00348962
119 0.128497
120 -0.0994612
121 -0.237528
122 -0.116625
123 0.212571
124 0.111082
125 -0.13576
126 0.035562
127 0.0876737
128 0.24255
129 0.08334
130 -0.134002
131 0.108271
132 0.309726
133 0.150783
134 -0.106061
135 0.0253615
136 0.072006
137 0.121964
138 -0.111146
139 -0.158761
140 0.193063
141 0.00182776
142 -0.148428
143 -0.200034
144 -0.24922
145 0.0824501
146 -0.148325
147 -0.0727512
148 -0.130013
149 -0.178937
150 0.0291122
151 -0.0757953
152 -0.0557291
153 -0.0515536
154 0.00579077
155 0.0968861
156 -0.129775
157 -0.0591203
158 -0.0821649
159 -0.0294551
160 -0.0380478
161 -0.177329
162 -0.217706
163 -0.254576
164 -0.341633
165 0.0177492
166 -0.302577
167 -0.17986
168 0.101453
169 0.152723
170 0.205009
171 -0.138133
172 -0.0139449
173 0.210696
174 0.0605475
175 0.179986
176 0.00931004
177 0.0799488
178 0.00377346
179 0.064392
180 0.210998
181 -0.0422295
182 -0.118679
183 -0.0498335
184 0.0813594
185 0.0644538
186 0.162775
187 0.144524
188 0.289861
189 0.213332
190 -0.160595
191 -0.00551565
192 0.0475929
193 -0.153647
194 -0.602262
195 -0.225284
196 -0.162686
197 -0.177267
198 -0.0373801
199 0.174919
200 0.0925993
201 0.0204514
202 -0.177691
203 -0.182339
204 -0.0779682
205 -0.0457004
206 0.0914502
207 -0.0486721
208 0.0417008
209 -0.114341
210 -0.13736
211 -0.126295
212 -0.201928
213 -0.0590911
214 -0.413716
215 -0.389789
216 0.0331469
217 -0.219737
218 0.0451111
219 0.0477879
220 -0.0323948
221 -0.00423737
222 -0.0202821
223 0.198093
224 0.205975
225 0.147468
226 -0.192084
227 0.127493
228 0.0673034
229 -0.0999375
230 0.0903284
231 0.109471
232 0.0317851
233 -0.0724901
234 0.104481
235 0.0608872
236 0.212383
237 0.332087
238 0.28554
239 0.164199
240 0.0848108
241 0.232573
242 0.386791
243 0.302872
244 -0.0686709
245 -0.0962033
246 -0.0974793
247 -0.233151
248 -0.186918
249 0.235525
250 0.218279
251 0.0247502
252 0.0822167
253 -0.101927
254 -0.160695
255 -0.25865
256 0.0369923
257 -0.0269864
258 -0.143708
259 -0.102744
260 -0.0272271
261 0.161095
262 0.117207
263 0.0766498
264 0.0331284
265 0.202593
266 0.0222767
267 0.0404728
268 0.160642
269 -0.0231407
270 -0.274381
271 -0.420976
272 -0.383924
273 -0.546017
274 -0.162347
275 0.0113847
276 0.0110651
277 0.0316238
278 0.0766917
279 0.0650639
280 -0.0112745
281 -0.176288
282 -0.0663625
283 -0.0286061
284 -0.0225106
285 0.0945544
286 -0.190292
287 -0.14215
288 -0.323416
289 -0.0374915
290 -0.0931911
291 0.0673861
292 -0.100025
293 -0.0156514
294 -0.0735866
295 -0.0828488
296 0.010952
297 0.128602
298 0.160909
299 0.114263
300 -0.162329
301 -0.00122067
302 -0.203338
303 -0.12356
304 -0.0133393
305 0.0335069
306 -0.0675363
307 0.0149107
308 -0.184032
309 0.071704
310 0.0714151
311 -0.211579
312 -0.0691616
313 -0.195406
314 0.139972
315 0.0808363
316 -0.0682205
317 -0.146185
318 0.0213849
319 -0.0113551
320 -0.0117618
321 -0.184731
322 0.0833954
323 0.107988
324 0.191229
325 -0.0215305
326 -0.0860941
327 -0.0539496
328 -0.20627
329 -0.0733508
330 -0.156614
331 0.0480185
332 -0.199801
333 -0.248626
334 -0.412357
335 -0.489203
336 -0.0593696
337 -0.0478132
338 -0.217659
339 -0.0265893
340 -0.110896
341 -0.0990386
342 -0.180655
343 -0.065542
344 -0.151936
345 -0.0239946
346 -0.124443
347 -0.0406703
348 -0.0728994
349 -0.0281024
350 -0.0400429
351 -0.0601057
352 0.23403
353 0.0384251
354 -0.202741
355 -0.0984895
356 -0.0266565
357 0.0365975
358 0.0662006
359 -0.206398
360 0.0773089
361 -0.0456593
362 0.0970274
363 -0.0113407
364 -0.189406
365 -0.0905883
366 0.0522269
367 -0.0152071
368 0.0346616
369 -0.0487254
370 0.0731979
371 0.0197634
372 0.0627888
373 0.22639
374 0.0759808
375 -0.0998505
376 0.156116
377 0.0384831
378 0.0490893
379 0.0111258
380 0.0630578
381 0.0488394
382 -0.0907913
383 -0.0231909
384 -0.183649
385 -0.198586
386 -0.110311
387 -0.187029
388 -0.33337
389 -0.12897
390 -0.0751573
391 -0.173964
392 -0.0513465
393 0.052585
394 0.0727502
395 -0.264623
396 -0.355127
397 0.113118
398 -0.0789282
399 -0.243609
400 -0.271593
401 -0.156443
402 0.00961935
403 -0.15473
404 0.0878035
405 0.187179
406 0.173026
407 0.0237
408 -0.180545
409 -0.0717111
410 -0.0275361
411 -0.176545
412 0.0408814
413 -0.137767
414 -0.0460372
415 -0.0314514
416 -0.161037
417 -0.0426603
418 -0.103117
419 0.177705
420 -0.00680041
421 -0.463611
422 -0.0487543
423 -0.0130248
424 -0.223596
425 0.04343
426 -0.0640846
427 -0.193563
428 0.126732
429 0.201826
430 0.00951
431 0.0800802
432 -0.106119
433 0.170852
434 0.0686369
435 0.116123
436 0.0685396
437 -0.206912
438 0.0575016
439 0.158358
440 0.142647
441 -0.127954
442 -0.17569
443 -0.0204676
444 0.251901
445 0.130385
446 -0.231834
447 -0.0706279
448 0.0504258
449 0.169481
450 0.09533
451 -0.00338241
452 0.108216
453 0.0498519
454 -0.0597544
455 -0.157878
456 -0.00918845
457 -0.0391591
458 -0.0805533
459 -0.193405
460 -0.076582
461 -0.10111
462 0.142733
463 -0.330913
464 -0.371042
465 -0.235058
466 0.0388738
467 -0.0359381
468 -0.118184
469 -0.171937
470 -0.123746
471 -0.0631044
472 -0.0983939
473 -0.0989269
474 -0.123226
475 -0.0897432
476 0.0630721
477 0.0425617
478 -0.101519
479 0.0937764
480 -0.101592
481 -0.115289
482 0.00749344
483 0.137091
484 -0.0421672
485 0.0309495
486 0.0537655
487 0.0286872
488 -0.113702
489 0.0245922
490 0.160052
491 0.158844
492 0.155135
493 -0.0520287
494 -0.143767
495 -0.174585
496 -0.067616
497 0.210141
498 0.0625229
499 -0.253459
500 -0.204679
501 -0.168572
502 0.0158957
503 -0.0588105
504 -0.0379153
505 0.0140088
506 0.0600548
507 -0.0994745
508 -0.107895
509 0.0430433
510 0.09629
511 0.0770406
512 0.121349
513 0.0439894
514 -0.178197
515 -0.151947
516 -0.026922
517 -0.105825
518 0.19522
519 -0.0878918
520 -0.1945
521 -0.166239
522 -0.25201
523 0.127455
524 -0.0564929
525 0.0371344
526 0.143673
527 0.0374472
528 -0.102721
529 -0.0194296
530 0.249129
531 0.0285155
532 -0.14956
533 0.011848
534 -0.0762443
535 0.150763
536 0.197272
537 0.191303
538 0.226642
539 0.0908656
540 0.152791
541 0.159898
542 0.166127
543 -0.0597925
544 -0.0992634
545 0.0850812
546 0.181844
547 0.333992
548 0.112986
549 -0.147636
550 0.049262
551 -0.144365
552 -0.174819
553 -0.246511
554 -0.180766
555 0.281391
556 0.117809
557 -0.0774489
558 -0.0305256
559 -0.0783997
560 -0.0209577
561 0.0743119
562 0.0799974
563 -0.0426198
564 0.0287722
565 0.112559
566 -0.011572
567 0.231934
568 -0.20067
569 -0.309155
570 -0.0514914
571 0.130559
572 0.146112
573 0.0198554
574 -0.193509
575 -0.35033
576 -0.215285
577 -0.0807831
578 -0.102337
579 0.071751
580 0.169656
581 -0.0657124
582 0.0335205
583 -0.211756
584 -0.0115057
585 0.0373558
586 -0.147877
587 0.119937
588 -0.287425
589 -0.152216
590 -0.0685715
591 -0.16025
592 -0.0734665
593 -0.233633
594 0.0020676
595 -0.0731244
596 -0.0574289
597 -0.0618118
598 -0.0495043
599 -0.0105459
600 0.205253
601 0.00837288
602 -0.0303086
603 0.0257948
604 -0.107579
605 -0.052615
606 -0.0144556
607 -0.103218
608 0.0746508
609 -0.00573951
610 -0.0090076
611 -0.0544595
612 -0.162447
613 -0.129303
614 -0.00783008
615 0.0305231
616 -0.0683981
617 -0.104227
618 0.0139405
619 -0.0659492
620 -0.279088
621 -0.366013
622 -0.504994
623 -0.428938
624 -0.0468797
625 0.126873
626 -0.0332549
627 0.00799016
628 -0.176824
629 -0.0480622
630 -0.0638831
631 -0.127623
632 0.0292489
633 0.0195308
634 0.0609486
635 0.00974536
636 0.00907698
637 0.0823192
638 0.164985
639 0.0557826
640 0.0568012
641 -0.0177333
642 0.0922967
643 0.102358
644 0.00219348
645 0.0573864
646 0.0744757
647 0.137491
648 0.0330699
649 -0.220943
650 -0.391359
651 -0.547907
652 -0.448189
653 -0.340802
654 -0.0941371
655 -0.0921041
656 -0.0657443
657 0.0454429
658 0.0915795
659 -0.120026
660 -0.050277
661 0.0237907
662 -0.0912521
663 0.0973748
664 0.00793245
665 -0.00115417
666 0.0141084
667 -0.0221128
668 -0.0379638
669 -0.178648
670 -0.0265242
671 -0.0941777
672 -0.224986
673 -0.342887
674 0.114712
675 0.067259
676 0.13565
677 -0.123619
678 -0.174588
679 -0.17469
680 -0.0992756
681 -0.0894187
682 0.0326783
683 0.0189245
684 0.0885643
685 0.153527
686 0.0794754
687 -0.0640904
688 0.0506429
689 0.372394
690 0.129916
691 0.104643
692 0.180782
693 0.0948864
694 0.420299
695 0.339405
696 0.246608
697 0.164163
698 0.209072
699 0.0965872
700 0.0519142
701 -0.127644
702 -0.125932
703 -0.040302
704 -0.0447104
705 -0.00623501
706 -0.213957
707 0.0305788
708 0.0583015
709 0.0323946
710 -0.120818
711 -0.0624833
712 0.111373
713 0.0579626
714 0.197421
715 0.0345219
716 0.0438955
717 0.047691
718 -0.0449858
719 0.200355
720 0.178412
721 0.164307
722 0.0583925
723 0.074481
724 0.00790929
725 -0.0874811
726 0.0207785
727 -0.160876
728 -0.161932
729 0.138561
730 0.021245
731 -0.09827
732 -0.125204
733 -0.225991
734 0.169381
735 -0.189627
736 0.103494
737 -0.12868
738 -0.290704
739 -0.184493
740 -0.206686
741 -0.0874862
742 -0.31547
743 -0.26177
744 -0.23995
745 -0.327247
746 -0.304791
747 -0.463893
748 -0.235829
749 -0.144735
750 -0.163507
751 -0.196951
752 -0.269285
753 -0.154228
754 -0.0743733
755 0.0458224
756 -0.106917
757 -0.111693
758 -0.0748649
759 -0.0131598
760 0.0190066
761 -0.0151939
762 -0.111543
763 0.0598743
764 -0.131169
765 0.0842148
766 0.0814102
767 0.0947727
768 0.0629151
769 -0.0199898
770 0.0615006
771 -0.0288114
772 -0.00015557
773 0.197631
774 0.102875
775 -0.192336
776 -0.147008
777 0.0471215
778 0.0339599
779 -0.139022
780 -0.00321139
781 0.035508
782 0.125333
783 0.072333
784 0.035944
785 -0.0364445
786 -0.0412447
787 -0.0167275
788 0.114811
789 -0.0280311
790 -0.044644
791 -0.146599
792 -0.20973
793 -0.095266
794 -0.0381293
795 -0.0101325
796 -0.0097449
797 0.0958206
798 -0.0102037
799 0.0627285
800 -0.069091
801 0.0704042
802 0.101594
803 0.148139
804 0.116639
805 -0.0857588
806 -0.036214
807 0.0618945
808 -0.0851744
809 0.0914492
810 -0.0164612
811 -0.0855472
812 0.110905
813 -0.0765581
814 -0.0821854
815 0.0647461
816 0.0611499
817 0.0682408
818 0.0401282
819 -0.0660086
820 -0.0244181
821 -0.0103555
822 0.157427
823 0.186926
824 0.0747842
825 -0.285321
826 -0.09666
827 -0.103404
828 0.00455195
829 0.130108
830 -0.16419
831 -0.11859
832 -0.0635936
833 -0.00449334
834 -0.148716
835 -0.104232
836 -0.22721
837 0.0688618
838 0.109005
839 0.155451
840 0.0348964
841 -0.120052
842 0.0799755
843 0.0543436
844 0.139932
845 0.00762215
846 -0.0259825
847 0.102255
848 0.109453
849 -0.0407291
850 -0.0739158
851 0.0975993
852 0.211411
853 0.0792171
854 0.155358
855 -0.00925358
856 -0.157304
857 -0.0475775
858 0.132584
859 -0.00529164
860 0.160978
861 -0.0631615
862 0.0378373
863 0.0752198
864 0.00800991
865 -0.0956483
866 -0.0868231
867 -0.0167415
868 0.0249784
869 0.195848
870 0.0529384
871 0.0590124
872 0.0545859
873 -0.050746
874 -0.078911
875 -0.0865518
876 -0.0821174
877 0.245941
878 0.168431
879 -0.0277674
880 0.000434825
881 0.0734011
882 0.130299
883 0.138292
884 -0.0483962
885 -0.0452982
886 0.0556798
887 -0.123686
888 -0.25091
889 -0.145758
890 0.0179972
891 -0.0436788
892 -0.250818
893 -0.314302
894 -0.151429
895 -0.116256
896 -0.0692042
897 -0.295866
898 -0.194001
899 -0.312985
900 0.0538609
901 -0.0617909
902 0.0458796
903 -0.116509
904 -0.23335
905 -0.0484588
906 -0.0838598
907 -0.0738072
908 -0.267357
909 -0.240278
910 0.0643971
911 0.0943626
912 0.248942
913 0.125907
914 0.017872
915 0.00246238
916 -0.0220021
917 0.113071
918 0.249804
919 0.128478
920 0.00384283
921 0.067808
922 0.0210993
923 -0.114952
924 0.0193094
925 -0.00335533
926 -0.0625869
927 -0.0948773
928 -0.166763
929 -0.124238
930 -0.101259
931 -0.263841
932 -0.0032103
933 0.142766
934 0.0821707
935 0.0412991
936 -0.0291972
937 -0.348338
938 -0.301776
939 -0.0946089
940 0.0581675
941 0.214194
942 0.149307
943 -0.173923
944 -0.288288
945 -0.122072
946 0.0631836
947 -0.0691684
948 0.171091
949 -0.0474378
950 -0.0637563
951 -0.113543
952 0.0747924
953 0.0822075
954 0.0680622
955 0.044836
956 -0.160455
957 -0.152389
958 -0.221899
959 -0.313627
960 -0.385295
961 0.164219
962 0.120339
963 0.163731
964 -0.00662468
965 -0.260592
966 -0.0317282
967 0.208743
968 0.219708
969 0.170382
970 -0.093699
971 -0.107218
972 -0.0685269
973 0.0365354
974 0.252993
975 0.0438422
976 0.00917304
977 -0.156674
978 -0.069243
979 -0.00702641
980 0.0260923
981 -0.0941389
982 -0.00949818
983 0.044104
984 0.0856326
985 0.00611502
986 -0.151684
987 0.118764
988 0.233095
989 0.15596
990 0.138023
991 0.156939
992 -0.0275249
993 -0.0417915
994 -0.24309
995 -0.101112
996 -0.146946
997 0.0651665
998 0.0711517
999 -0.0913688
1000 -0.176912
1001 0.0791998
1002 0.0207459
1003 0.0863571
1004 -0.214561
1005 -0.137049
1006 -0.0574419
1007 -0.0919735
1008 -0.00267046
1009 0.0354594
1010 0.0496218
1011 -0.0539061
1012 -0.164376
1013 -0.11635
1014 0.0421507
1015 0.0346922
1016 0.263334
1017 0.319556
1018 -0.0697992
1019 -0.185934
1020 -0.126414
1021 -0.130611
1022 0.054202
1023 0.340775
1024 0.0367509
1025 -0.0715006
1026 -0.0193559
1027 -0.24188
1028 0.0747996
1029 0.0929505
1030 -0.0359227
1031 -0.0682058
1032 -0.143276
1033 -0.164616
1034 -0.116147
1035 0.283698
1036 0.111465
1037 -0.053789
1038 -0.372007
1039 -0.257667
1040 0.0961458
1041 -0.183819
1042 -0.0873192
1043 -0.0889467
1044 -0.264565
1045 -0.0525458
1046 -0.153261
1047 -0.196039
1048 0.0288811
1049 -0.0766835
1050 -0.0569096
1051 -0.0649277
1052 -0.0510425
1053 0.0706846
1054 0.0037842
1055 -0.144803
1056 -0.0333889
1057 -0.0722211
1058 0.0960074
1059 -0.059003
1060 0.0347034
1061 -0.112936
1062 -0.00769934
1063 -0.0282614
1064 -0.0816942
1065 -0.0905846
1066 0.0991706
1067 0.002952
1068 0.162409
1069 0.122582
1070 -0.0208547
1071 -0.0326491
1072 0.0509234
1073 -0.110104
1074 0.0392797
1075 -0.0493392
1076 0.0767911
1077 -0.0811151
1078 -0.000622582
1079 -0.11324
1080 0.0158952
1081 0.111858
1082 -0.022286
1083 -0.0304326
1084 -0.106098
1085 -0.0865248
1086 -0.131473
1087 -0.30307
1088 -0.0419567
1089 -0.0225665
1090 -0.0268209
1091 0.165367
1092 0.0418257
1093 -0.0917639
1094 0.0419976
1095 0.225238
1096 0.170696
1097 -0.0170522
1098 0.070253
1099 -0.0475524
1100 -0.178884
1101 0.00162082
1102 -0.0334833
1103 -0.0623348
1104 0.0786461
1105 0.128451
1106 0.108709
1107 -0.0564429
1108 0.0180246
1109 0.000884053
1110 0.0172118
1111 0.0430895
1112 0.0510436
1113 -0.0411955
1114 0.0228189
1115 0.149321
1116 0.0686882
1117 0.0568903
1118 0.101051
1119 0.160164
1120 -0.0846049
1121 -0.112038
1122 -0.186011
1123 -0.0167032
1124 -0.0680011
1125 0.114391
1126 0.0293755
1127 -0.152871
1128 -0.117082
1129 -0.0956485
1130 0.212246
1131 0.105439
1132 -0.234657
1133 -0.308567
1134 -0.0773418
1135 -0.0428875
1136 0.291577
1137 -0.114588
1138 -0.0728547
1139 -0.20966
1140 -0.121178
1141 -0.0168696
1142 -0.0259827
1143 -0.191038
1144 -0.0461289
1145 -0.00993483
1146 -0.00179026
1147 -0.143575
1148 0.0298557
1149 0.0315632
1150 -0.00564666
1151 -0.0539743
1152 -0.0391639
1153 -0.0156785
1154 -0.0328791
1155 -0.0966523
1156 0.11232
1157 -0.0496509
1158 0.0582264
1159 -0.0186817
1160 -0.0315939
1161 -0.0372553
1162 -0.0892108
1163 0.0391537
1164 0.0524232
1165 -0.0825603
1166 -0.178225
1167 0.304891
1168 -0.135888
1169 -0.13622
1170 0.078586
1171 0.275237
1172 0.0846695
1173 0.120623
1174 0.0402111
1175 0.0235069
1176 0.0965484
1177 0.021837
1178 0.122595
1179 0.142988
1180 -0.0473459
1181 -0.066035
1182 -0.0627664
1183 -0.190678
1184 0.0803958
1185 0.138084
1186 0.0174297
1187 -0.143661
1188 -0.130243
1189 -0.0796567
1190 -0.0380368
1191 -0.076675
1192 -0.196869
1193 -0.0316075
1194 -0.017382
1195 -0.337617
1196 0.00644863
1197 -0.00982698
1198 -0.0914309
1199 -0.0236938
1200 -0.178231
1201 -0.0846371
1202 -0.0857635
1203 -0.00174398
1204 0.0148333
1205 -0.0766961
1206 -0.0962746
1207 -0.0572391
1208 -0.106405
1209 -0.135856
1210 -0.101458
1211 -0.130956
1212 -0.0936947
1213 -0.148527
1214 -0.0216607
1215 -0.154849
1216 -0.28109
1217 -0.203158
1218 -0.109728
1219 0.0186921
1220 -0.0271007
1221 -0.10768
1222 0.0642291
1223 0.271922
1224 0.152549
1225 0.1049
1226 0.0760775
1227 -0.0115963
1228 0.157302
1229 0.145297
1230 -0.0276089
1231 0.0912752
1232 0.108271
1233 0.067539
1234 0.0912622
1235 -0.0253683
1236 -0.118983
1237 0.0239824
1238 0.0701235
1239 -0.0809376
1240 -0.130208
1241 0.069696
1242 0.0825174
1243 0.0857885
1244 -0.163018
1245 0.0222769
1246 0.120763
1247 -0.0388925
1248 -0.142203
1249 -0.27976
1250 -0.00300539
1251 0.158724
1252 0.0402523
1253 0.200249
1254 0.101685
1255 0.0420444
1256 0.108217
1257 0.110451
1258 -0.150504
1259 -0.206191
1260 -0.201859
1261 -0.156929
1262 -0.111055
1263 -0.159684
1264 -0.20497
1265 -0.0990777
1266 -0.105239
1267 -0.2656
1268 0.13608
1269 -0.116426
1270 -0.103277
1271 -0.031318
1272 0.00191507
1273 0.169065
1274 0.0920276
1275 0.209849
1276 0.234674
1277 -0.0258795
1278 0.288703
1279 0.218508
1280 0.0296644
1281 0.0547434
1282 0.101697
1283 -0.0138825
1284 -0.0594849
1285 -0.0434256
1286 -0.157384
1287 -0.0476931
1288 0.0124408
1289 0.118978
1290 0.201122
1291 0.120719
1292 0.204103
1293 0.106947
1294 0.189878
1295 -0.144148
1296 -0.0699824
1297 -0.00124482
1298 -0.187927
1299 -0.119084
1300 0.0329354
1301 0.378632
1302 0.223033
1303 -0.0743769
1304 0.0146364
1305 0.111856
1306 0.12476
1307 0.0116844
1308 -0.0610496
1309 -0.0317867
1310 -0.0364789
1311 -0.208287
1312 -0.131284
1313 -0.13481
1314 0.0596428
1315 -0.0224564
1316 0.0827418
1317 0.115252
1318 -0.126421
1319 0.0882804
1320 -0.249926
1321 -0.143057
1322 0.071099
1323 -0.185474
1324 -0.0113316
1325 -0.0975169
1326 0.144185
1327 0.155434
1328 0.0982489
1329 -0.021321
1330 0.0692007
1331 0.0866174
1332 -0.0274466
1333 0.0199748
1334 0.0666736
1335 0.220238
1336 0.0154041
1337 0.0891434
1338 -0.049221
1339 -0.0611014
1340 -0.13048
1341 -0.226898
1342 -0.0706794
1343 -0.112831
1344 -0.0531439
1345 -0.0446782
1346 0.0792771
1347 -0.0422348
1348 -0.125061
1349 0.0220737
1350 -0.0759059
1351 0.0547483
1352 -0.0333747
1353 -0.152242
1354 -0.0725713
1355 0.0706259
1356 -0.106133
1357 -0.0440658
1358 -0.0296139
1359 -0.0618442
1360 -0.0469887
1361 -0.0531175
1362 -0.00371325
1363 -0.142693
1364 -0.161187
1365 0.0800263
1366 -0.0283757
1367 0.0738122
1368 -0.120469
1369 0.126004
1370 0.0964356
1371 0.105194
1372 -0.184851
1373 -0.0407231
1374 0.139784
1375 0.161635
1376 -0.0419981
1377 -0.176065
1378 0.00925587
1379 0.0410903
1380 -0.224797
1381 -0.21647
1382 -0.0245258
1383 0.0968813
1384 -0.0882878
1385 0.123214
1386 -0.0397456
1387 -0.15228
1388 0.0752382
1389 0.0308212
1390 -0.0694418
1391 -0.227484
1392 0.193839
1393 0.0777849
1394 -0.346507
1395 -0.107191
1396 0.295511
1397 0.108376
1398 -0.0410594
1399 -0.234579
1400 0.199258
1401 0.206789
1402 -0.00270292
1403 -0.288214
1404 0.0103239
1405 0.130091
1406 -0.053497
1407 -0.0257935
1408 -0.177979
1409 -0.0935098
1410 -0.148868
1411 -0.13739
1412 -0.0717048
1413 0.0619206
1414 -0.135913
1415 -0.233666
1416 -0.0474797
1417 0.15822
1418 -0.0225006
1419 -0.0650906
1420 0.223205
1421 0.23065
1422 -0.0280662
1423 -0.187777
1424 0.102439
1425 0.064468
1426 -0.210614
1427 -0.172031
1428 0.0304689
1429 0.0359993
1430 -0.0139742
1431 0.113743
1432 -0.0241407
1433 -0.152927
1434 0.0165173
1435 0.105187
1436 -0.116163
1437 -0.0291252
1438 -0.0994215
1439 0.0493507
1440 0.0827196
1441 -0.147979
1442 -0.217101
1443 -0.136119
1444 0.0437788
1445 -0.466646
1446 -0.360511
1447 -0.0639244
1448 0.0437939
1449 -0.270751
1450 -0.453462
1451 -0.0897673
1452 0.0425001
1453 -0.191919
1454 -0.235709
1455 -0.208079
1456 0.0321259
1457 -0.101787
1458 -0.119414
1459 -0.0522289
1460 0.0703331
1461 0.0642112
1462 0.084485
1463 0.0384851
1464 -0.0812664
1465 0.179479
1466 0.154172
1467 -0.164407
1468 -0.046231
1469 0.145224
1470 -0.390581
1471 -0.463075
1472 0.0455161
1473 0.172306
1474 -0.0995613
1475 -0.620638
1476 0.179245
1477 0.368186
1478 0.0127416
1479 -0.121859
1480 -0.0756377
1481 0.0793761
1482 -0.00779412
1483 -0.0363172
1484 -0.020612
1485 0.0286129
1486 0.14625
1487 0.242325
1488 -0.0341841
1489 -0.00864786
1490 0.141842
1491 0.0837931
1492 -0.0953921
1493 -0.0742505
1494 0.188097
1495 0.182609
1496 -0.110196
1497 -0.130847
1498 -0.0530498
1499 0.046722
1500 0.0407896
1501 -0.265962
1502 -0.140449
1503 0.0591981
1504 0.119601
1505 -0.00112445
1506 0.0528827
1507 0.0903897
1508 0.133851
1509 0.0146648
1510 -0.0265343
1511 -0.00320136
1512 0.0546093
1513 0.10941
1514 0.138081
1515 -0.032161
1516 -0.0225279
1517 0.0788186
1518 0.100228
1519 -0.0749966
1520 -0.0437875
1521 0.0876721
1522 0.11677
1523 -0.0187391
1524 0.0801728
1525 -0.0804805
1526 0.0135747
1527 -0.167367
1528 -0.1045
1529 0.113875
1530 0.0653529
1531 -0.124692
1532 -0.0161958
1533 -0.0224636
1534 0.0330152
1535 0.0902835
1536 0.116934
1537 0.0433825
1538 -0.194429
1539 -0.267213
1540 0.000539034
1541 -0.0102347
1542 -0.0628498
1543 -0.0505198
1544 -0.057854
1545 -0.0383089
1546 -0.0716048
1547 0.134068
1548 0.0511074
1549 -0.125888
1550 0.0367555
1551 0.144584
1552 0.178035
1553 -0.0640251
1554 -0.0659868
1555 0.195903
1556 0.0102116
1557 -0.0189776
1558 -0.00735554
1559 0.0507555
1560 0.0395612
1561 0.0592703
1562 -0.0516129
1563 0.0829686
1564 0.187228
1565 0.0749216
1566 -0.0680151
1567 0.159398
1568 0.16616
1569 -0.07188
1570 0.037476
1571 0.137531
1572 0.118257
1573 -0.0465419
1574 -0.0650746
1575 0.0803497
1576 -0.119011
1577 -0.0892445
1578 -0.102022
1579 -0.0416225
1580 -0.147162
1581 0.00493076
1582 -0.0312572
1583 -0.11983
1584 -0.0893621
1585 -0.109774
1586 0.00775769
1587 -0.00289109
1588 -0.0818913
1589 -0.238587
1590 -0.0952874
1591 -0.184535
1592 -0.286317
1593 -0.500775
1594 -0.222364
1595 -0.000535147
1596 -0.0992323
1597 -0.139484
1598 -0.162847
1599 -0.15714
1600 0.0129953
1601 -0.173505
1602 0.0414969
1603 -0.130441
1604 -0.152047
1605 0.0474677
1606 0.0479448
1607 -0.062073
1608 -0.0317995
1609 -0.0486613
1610 0.0395691
1611 0.0431942
1612 0.232109
1613 0.300694
1614 0.0310933
1615 -3.2398e-05
1616 0.168204
1617 0.00318091
1618 -0.262339
1619 -0.308185
1620 0.105949
1621 0.0405955
1622 -0.172392
1623 -0.128858
1624 -0.0291403
1625 -0.0712796
1626 0.0158582
1627 0.0678826
1628 0.0300852
1629 -0.122243
1630 0.160837
1631 0.115222
1632 0.0749031
1633 -0.102658
1634 0.087363
1635 0.129526
1636 -0.0709262
1637 0.0388117
1638 -0.00412023
1639 -0.165121
1640 0.0713199
1641 -0.125782
1642 0.015985
1643 -0.0946929
1644 0.0200719
1645 -0.123086
1646 -0.0247862
1647 -0.00472943
1648 -0.101281
1649 -0.00610642
1650 -0.171451
1651 -0.273057
1652 -0.180756
1653 -0.205038
1654 -0.06273
1655 -0.0148643
1656 -0.110241
1657 -0.110108
1658 -0.23558
1659 -0.109679
1660 -0.0807474
1661 0.274806
1662 0.279423
1663 -0.0164214
1664 -0.0343141
1665 0.0101686
1666 0.141213
1667 0.172339
1668 0.015459
1669 -0.289405
1670 -0.129691
1671 0.0138053
1672 -0.0769105
1673 -0.268594
1674 -0.103188
1675 -0.107107
1676 0.105772
1677 -0.104478
1678 -0.242581
1679 -0.0296011
1680 -0.182482
1681 0.020846
1682 -0.0457522
1683 -0.0969401
1684 0.145126
1685 -0.0787318
1686 -0.00627713
1687 -0.265932
1688 -0.0880742
1689 0.13046
1690 -0.149705
1691 -0.0207613
1692 -0.120336
1693 0.100175
1694 0.189512
1695 0.110304
1696 -0.0230144
1697 -0.0806751
1698 -0.0595783
1699 -0.107352
1700 0.106616
1701 -0.0839532
1702 -0.000511796
1703 0.0266686
1704 0.0575617
1705 0.010037
1706 -0.0612743
1707 -0.0421348
1708 0.0766785
1709 0.105465
1710 -0.0427074
1711 0.0328499
1712 0.0990533
1713 0.265553
1714 0.179719
1715 0.0522672
1716 -0.0121555
1717 -0.0112157
1718 -0.0357158
1719 -0.0930725
1720 -0.147981
1721 -0.0822925
1722 -0.109639
1723 -0.0235425
1724 -0.0739025
1725 -0.0173607
1726 -0.0833216
1727 -0.158929
1728 0.00588828
1729 0.143925
1730 -0.124146
1731 -0.241357
1732 0.0257423
1733 0.158408
1734 0.0810522
1735 0.0536232
1736 -0.229636
1737 -0.0223142
1738 -0.228409
1739 -0.164035
1740 -0.202228
1741 0.155386
1742 -0.28919
1743 -0.388998
1744 0.0371732
1745 0.055408
1746 -0.111583
1747 -0.417465
1748 -0.202775
1749 0.0960635
1750 0.160256
1751 -0.339758
1752 -0.231039
1753 0.00348123
1754 -0.0778158
1755 0.0322341
1756 -0.207599
1757 0.0829911
1758 0.135074
1759 0.218321
1760 0.065842
1761 -0.00817924
1762 -0.102352
1763 -0.002763
1764 0.0858726
1765 0.0930328
1766 0.0356441
1767 -0.0146145
1768 -0.254626
1769 0.0751779
1770 0.0975471
1771 0.158633
1772 -0.0598692
1773 -0.131506
1774 -0.0478043
1775 0.208782
1776 -0.0656748
1777 -0.0282142
1778 0.0983868
1779 -0.0610149
1780 0.0468091
1781 -0.0648156
1782 -0.0447015
1783 0.047828
1784 -0.0723362
1785 -0.0260248
1786 0.193792
1787 0.00573383
1788 -0.0106603
1789 -0.121258
1790 -0.0514558
1791 0.190471
1792 0.0961863
1793 -0.0897178
1794 -0.150374
1795 -0.0838442
1796 0.101641
1797 0.0917505
1798 -0.33062
1799 0.130754
1800 0.00806426
1801 -0.0715564
1802 0.0914985
1803 -0.309558
1804 -0.00570573
1805 -0.22666
1806 -0.0303684
1807 0.0228298
1808 -0.274997
1809 0.0394101
1810 -0.222487
1811 -0.0422071
1812 0.0745522
1813 0.0338724
1814 -0.137299
1815 -0.0595567
1816 -0.0727118
1817 0.0753412
1818 0.12358
1819 -0.112961
1820 -0.170402
1821 0.0342153
1822 0.12661
1823 0.066426
1824 -0.100267
1825 -0.034527
1826 0.12376
1827 0.0636775
1828 -0.00121296
1829 0.039032
1830 0.0673389
1831 -0.0717472
1832 -0.0481897
1833 0.0186369
1834 0.0774184
1835 0.109526
1836 -0.00357648
1837 -0.160792
1838 -0.135811
1839 -0.260474
1840 -0.237998
1841 -0.199297
1842 -0.237207
1843 -0.2969
1844 -0.209837
1845 -0.0878913
1846 -0.195566
1847 -0.106725
1848 -0.238988
1849 -0.254596
1850 -0.216161
1851 -0.060619
1852 0.0694437
1853 -0.150994
1854 -0.157252
1855 -0.148501
1856 -0.0476555
1857 0.172342
1858 0.03717
1859 0.0105946
1860 0.0936983
1861 0.104569
1862 0.259036
1863 0.23477
1864 -0.207727
1865 -0.189514
1866 -0.0958163
1867 0.274388
1868 0.267867
1869 0.0978049
1870 -0.126471
1871 -0.137003
1872 0.0607972
1873 0.146464
1874 0.0220358
1875 0.00881857
1876 0.0354871
1877 -0.064218
1878 0.0907551
1879 0.0965512
1880 -0.0138801
1881 -0.0160487
1882 -0.0948863
1883 -0.0356301
1884 -0.0196999
1885 0.0479444
1886 -0.0665509
1887 -0.142545
1888 0.00147503
1889 -0.0512945
1890 -0.278504
1891 -0.178549
1892 -0.125624
1893 -0.305927
1894 -0.0530476
1895 -0.187545
1896 -0.0887163
1897 -0.390545
1898 -0.428943
1899 -0.293286
1900 0.0508131
1901 -0.218032
1902 -0.239935
1903 -0.340585
1904 -0.0780748
1905 -0.11025
1906 -0.138859
1907 -0.080196
1908 -0.0879605
1909 -0.212597
1910 -0.113568
1911 -0.186121
1912 -0.127706
1913 -0.233501
1914 0.0118579
1915 -0.263874
1916 -0.23423
1917 0.20799
1918 -0.3514
1919 -0.308804
1920 -0.132329
1921 -0.12437
1922 0.112146
1923 -0.378714
1924 -0.319681
1925 -0.146838
1926 -0.2355
1927 -0.0490521
1928 -0.115495
1929 -0.452859
1930 -0.166779
1931 -0.0891272
1932 0.0666237
1933 -0.0714634
1934 -0.243317
1935 -0.237902
1936 0.00488391
1937 0.0707045
1938 0.113591
1939 0.226508
1940 0.0662654
1941 0.058761
1942 0.193522
1943 0.0740429
1944 0.116877
1945 0.101536
1946 0.176639
1947 0.193668
1948 0.0225768
1949 0.0475949
1950 0.078978
1951 0.0244356
1952 0.0633622
1953 -0.241095
1954 0.136172
1955 0.102937
1956 -0.00444982
1957 0.00016162
1958 -0.149397
1959 0.0773663
1960 0.139691
1961 0.0869367
1962 0.0450764
1963 0.0346233
1964 0.207818
1965 0.0975648
1966 -0.204593
1967 -0.102216
1968 0.0840648
1969 0.107049
1970 -0.226124
1971 -0.255406
1972 0.0938086
1973 0.144167
1974 -0.147915
1975 -0.461093
1976 -0.0647289
1977 0.123324
1978 -0.324115
1979 -0.259254
1980 -0.0559696
1981 0.0159751
1982 0.000318001
1983 -0.151127
1984 0.0382626
1985 0.0176778
1986 0.0153567
1987 0.019968
1988 -0.304861
1989 -0.101871
1990 0.0654541
1991 -0.00608225
1992 0.099709
1993 0.0670591
1994 0.00794486
1995 0.163589
1996 -0.0964203
1997 -0.190084
1998 0.159569
1999 0.258751
2000 0.0278322
2001 -0.311033
2002 -0.0762574
2003 0.253426
2004 0.100957
2005 -0.306506
2006 -0.105362
2007 0.214634
2008 -0.0468801
2009 -0.361948
2010 -0.0634759
2011 0.0397123
2012 0.0151933
2013 -0.0202516
2014 0.0364663
2015 0.138526
2016 0.071498
2017 -0.0765352
2018 0.00333005
2019 0.0271563
2020 0.0455422
2021 -0.125297
2022 -0.201716
2023 -0.0892342
2024 -0.126704
2025 -0.284829
2026 -0.244613
2027 -0.108535
2028 -0.2146
2029 -0.331158
2030 -0.176136
2031 -0.0721802
2032 -0.0449222
2033 -0.0637467
2034 -0.0883123
2035 -0.0579675
2036 -0.195544
2037 -0.0990966
2038 -0.00869483
2039 -0.155413
2040 -0.0909018
2041 -0.0447887
2042 0.011793
2043 -0.157287
2044 -8.82721e-05
2045 -0.0275924
2046 -0.0368139
2047 -0.0691398
2048 0.218857
2049 0.133739
2050 0.10414
2051 -0.0217325
2052 -0.107268
2053 0.26039
2054 0.2179
2055 -0.101007
2056 -0.126831
2057 0.182777
2058 0.19931
2059 -0.119464
2060 -0.0751608
2061 0.028051
2062 0.149482
2063 -0.0998315
2064 0.027713
2065 0.122517
2066 -0.00660261
2067 0.0421121
2068 -0.057006
2069 0.0185648
2070 -0.158197
2071 -0.00184744
2072 -0.0208997
2073 0.00322307
2074 0.000552404
2075 0.0184294
2076 -0.0591129
2077 -0.201307
2078 0.269398
2079 0.0609749
2080 -0.0234862
2081 -0.363353
2082 -0.0138782
2083 0.0557684
2084 -0.0968746
2085 -0.332012
2086 -0.130499
2087 0.0990231
2088 0.188301
2089 0.251267
2090 0.0872019
2091 -0.0743904
2092 -0.0507205
2093 0.189918
2094 0.259796
2095 0.145885
2096 0.0077632
2097 0.119824
2098 0.26975
2099 0.0696778
2100 -0.18128
2101 0.017457
2102 0.100994
2103 -0.187951
2104 -0.242087
2105 -0.0404313
2106 0.0177577
2107 0.0791839
2108 0.017812
2109 -0.0408159
2110 -0.0762849
2111 -0.0911517
2112 -0.0519956
2113 0.0852787
2114 -0.180931
2115 0.0654618
2116 0.012951
2117 0.111709
2118 -0.151998
2119 0.0921903
2120 0.15248
2121 0.0364263
2122 -0.0773706
2123 -0.144273
2124 0.122227
2125 0.170263
2126 -0.0968784
2127 -0.000830231
2128 -0.104227
2129 -0.0218361
2130 0.0917212
2131 -0.0725569
2132 0.00926358
2133 -0.00158529
2134 -0.0578122
2135 -0.191774
2136 -0.165566
2137 -0.0442468
2138 -0.232743
2139 -0.0993954
2140 -0.0392363
2141 -0.155708
2142 0.151336
2143 0.126588
2144 -0.140939
2145 -0.239433
2146 -0.122234
2147 -0.0179039
2148 0.0493722
2149 0.157881
2150 -0.143012
2151 -0.0744672
2152 -0.0402718
2153 -0.00572809
2154 -0.146552
2155 -0.0536783
2156 -0.0126124
2157 0.0408868
2158 -0.0106142
2159 -0.397913
2160 -0.0988222
2161 0.0460772
2162 -0.0646293
2163 0.126116
2164 -0.13575
2165 -0.219773
2166 0.078115
2167 0.226204
2168 0.0226614
2169 0.0667075
2170 -0.110541
2171 0.08301
2172 0.12568
2173 0.0965963
2174 0.00684313
2175 -0.147588
2176 -0.115528
2177 -0.00186109
2178 -0.130724
2179 -0.254093
2180 -0.211377
2181 -0.120884
2182 -0.0263564
2183 0.0443571
2184 -0.282948
2185 -0.210572
2186 0.113763
2187 0.14542
2188 -0.048956
2189 0.0339043
2190 -0.175984
2191 -0.536782
2192 -0.340696
2193 -0.0607969
2194 -0.117655
2195 -0.220869
2196 -0.66568
2197 -0.207353
2198 -0.141966
2199 0.143883
2200 -0.232886
2201 -0.608592
2202 -0.184777
2203 0.106691
2204 0.244099
2205 -0.377117
2206 -0.285466
2207 0.13661
2208 0.0973747
2209 -0.18257
2210 -0.19936
2211 0.190698
2212 0.182611
2213 0.0464585
2214 0.102835
2215 0.0398252
2216 -0.0794713
2217 -0.305814
2218 0.157224
2219 -0.0383309
2220 0.0321188
2221 -0.241102
2222 -0.207257
2223 0.0928011
2224 0.146413
2225 0.0692619
2226 -0.0151644
2227 -0.121116
2228 0.166279
2229 0.359634
2230 0.049061
2231 -0.0889127
2232 0.0826953
2233 0.0955961
2234 -0.017308
2235 -0.133038
2236 0.0271482
2237 0.137392
2238 -0.0549836
2239 0.148561
2240 0.329826
2241 0.183039
2242 -0.176784
2243 -0.026635
2244 -0.0173001
2245 0.135331
2246 0.0998832
2247 0.0993856
2248 0.229154
2249 0.0433451
2250 0.245653
2251 -0.0905642
2252 0.129322
2253 0.0106566
2254 0.0124754
2255 0.119427
2256 0.0236466
2257 0.0315689
2258 -0.263608
2259 -0.0357639
2260 0.119241
2261 -0.11206
2262 -0.153143
2263 -0.285229
2264 0.0562157
2265 0.0913948
2266 0.155259
2267 0.228438
2268 0.059908
2269 0.102074
2270 -0.19294
2271 -0.0416356
2272 0.102198
2273 -0.206117
2274 -0.242692
2275 0.0670776
2276 -0.190406
2277 -0.288154
2278 -0.0644221
2279 -0.0701906
2280 0.167316
2281 -0.110585
2282 -0.283306
2283 -0.091621
2284 -0.104412
2285 0.0517384
2286 -0.0396014
2287 -0.0946243
2288 -0.00486688
2289 -0.15015
2290 0.0953737
2291 -0.0275019
2292 -0.0044816
2293 0.161342
2294 0.174
2295 0.0568939
2296 0.0404916
2297 0.156904
2298 0.256814
2299 0.228478
2300 -0.188838
2301 0.00923018
2302 0.0370924
2303 -0.10718
2304 -0.301753
2305 -0.044063
2306 -0.0907077
2307 -0.0831189
2308 -0.0702746
2309 0.228698
2310 0.00279948
2311 -0.00298689
2312 -0.279356
2313 -0.111101
2314 -0.0489256
2315 -0.0402657
2316 0.00661392
2317 -0.00228944
2318 0.162284
2319 0.100556
2320 -0.192196
2321 -0.153097
2322 -0.0415579
2323 -0.146469
2324 -0.277523
2325 -0.0652783
2326 -0.205434
2327 -0.177158
2328 -0.193066
2329 -0.0693299
2330 -0.0193932
2331 -0.0359902
2332 -0.2022
2333 -0.184148
2334 0.00164544
2335 0.142589
2336 0.139667
2337 -0.126025
2338 -0.173698
2339 -0.193858
2340 0.111009
2341 0.0988086
2342 0.224134
2343 0.0651291
2344 0.144297
2345 0.138011
2346 0.119439
2347 0.0636863
2348 0.237511
2349 0.289344
2350 -0.141525
2351 -0.0807693
2352 0.0124967
2353 0.0774711
2354 -0.0976199
2355 -0.0452071
2356 0.0294372
2357 0.0159419
2358 -0.0220402
2359 0.109981
2360 0.0444127
2361 -0.0963139
2362 -0.0739501
2363 0.135511
2364 0.267057
2365 0.137177
2366 -0.00316993
2367 0.0421552
2368 -0.0884996
2369 0.0124896
2370 0.0873872
2371 0.0675737
2372 0.0349689
2373 0.0240963
2374 0.0219819
2375 -0.122917
2376 -0.218426
2377 -0.0356511
2378 0.0692169
2379 -0.193277
2380 0.109632
2381 -0.0178962
2382 -0.0354875
2383 -0.160074
2384 -0.133474
2385 -0.0934598
2386 -0.0872768
2387 -0.0677197
2388 0.00945652
2389 0.0222438
2390 0.0217195
2391 -0.0802563
2392 -0.0568084
2393 -0.206673
2394 -0.1627
2395 0.0445411
2396 -0.109738
2397 -0.0178374
2398 -0.0962362
2399 -0.0455175
2400 0.0669007
2401 0.0328879
2402 -0.129643
2403 0.0609678
2404 0.0769093
2405 0.195851
2406 -0.00601647
2407 -0.102113
2408 0.018428
2409 0.0853526
2410 0.17672
2411 0.170843
2412 0.0180243
2413 0.0146203
2414 -0.153682
2415 -0.0688923
