0 0.789604
1 0
2 0.79011
3 0
4 2.85964
5 0
6 -1.94952
7 0
8 -1.27698
9 0
10 0.340973
11 0
12 -0.990635
13 0
14 -1.86391
15 0
16 -2.38363
17 0
18 -1.62973
19 0
20 -0.933433
21 0
22 1.38532
23 0
24 0.110966
25 0
26 2.56154
27 0
28 0.706263
29 0
30 -0.457178
31 0
32 0.400408
33 0
34 -0.109143
35 0
36 -1.3447
37 0
38 1.21574
39 0
40 0.645011
41 0
42 -4.13818
43 0
44 -1.5489
45 0
46 -0.217192
47 0
48 -0.924883
49 0
50 0.971012
51 0
52 3.33787
53 0
54 0.606258
55 0
56 0.876793
57 0
58 -0.624204
59 0
60 0.060842
61 0
62 0.879147
63 0
64 0.154765
65 0
66 0.460941
67 0
68 -2.06042
69 0
70 -1.43367
71 0
72 -0.765442
73 0
74 0.244753
75 0
76 0.632537
77 0
78 -1.26527
79 0
80 -1.97785
81 0
82 -0.125916
83 0
