0 1.39194
1 1.50305
2 0
3 0
4 0
5 0
6 1.206
7 0
8 0.113515
9 0
10 0
11 0.596036
12 0
13 0.46047
14 0.00300149
15 2.83172
16 0
17 1.63557
18 0.186725
19 0
20 0
21 0
22 0
23 0.926378
24 0
25 0.896853
26 0
27 0.106279
28 0
29 1.71076
30 0
31 0
32 0
33 0
34 0
35 0
36 0.448264
37 0
38 0
39 0
40 0
41 1.16989
42 0
43 0
44 1.15831
45 0
46 0
47 1.22714
48 0.616408
49 0
50 0
51 1.37426
52 2.36872
53 0
54 0
55 0
56 0.0601713
57 0.655487
58 0.0759086
59 0
60 0
61 0
62 0
63 0.0482195
64 0
65 0
66 0
67 0
68 0.123513
69 1.28218
70 0.606872
71 0
72 1.23445
73 0.205631
74 0
75 0
76 0
77 0
78 0
79 0
80 0
81 0.174263
82 0
83 0
84 0
85 0
86 0
87 0
88 0.729281
89 0.636206
90 0.160393
91 0
92 0.00401883
93 0
94 0.290922
95 0
96 1.4247
97 0
98 0
99 0.22308
100 0
101 0
102 0
103 1.53161
104 1.0758
105 0
106 0
107 0.998645
108 0.556861
109 2.04574
110 0
111 0
112 0
113 0
114 0.466695
115 0
116 0.193156
117 0.554444
118 0.367108
119 0
