0 -0.421113
1 -0.027281
2 0.123149
3 0.0150755
4 -0.0720121
5 0.321038
6 -0.055427
7 -0.108058
8 -0.0831131
9 -0.503431
10 0.120651
11 -0.201644
12 0.0249264
13 0.148632
14 0.13561
15 0.0661173
16 -0.205389
17 0.184931
18 -0.318417
19 -0.19239
20 0.196203
21 0.0660237
22 0.106374
23 0.149
24 0.0782405
25 -0.14357
26 0.115374
27 -0.209969
28 -0.410077
29 0.197206
30 0.346163
31 -0.0967261
32 0.160491
33 -0.0524977
34 -0.103592
35 -0.4079
36 -0.381692
37 -0.302422
38 -0.0420586
39 -0.113972
40 0.0538054
41 -0.126508
42 0.109878
43 -0.0199915
44 -0.267771
45 0.139511
46 0.0964924
47 -0.256816
48 -0.058171
49 -0.251021
50 0.0850645
51 -0.0774529
52 -0.0244372
53 0.0167556
54 -0.154723
55 -0.150982
56 -0.281452
57 -0.0713972
58 0.298329
59 -0.310802
60 -0.249096
61 -0.0596703
62 -0.184552
63 -0.0972098
64 0.0678982
65 -0.0956485
66 0.361101
67 -0.385666
68 -0.0740212
69 -0.258756
70 0.0390017
71 -0.211163
72 0.213779
73 0.250409
74 0.0491953
75 -0.203536
76 -0.20065
77 -0.208202
78 -0.142766
79 0.0871681
80 0.0414409
81 -0.0646185
82 -0.516469
83 -0.0623054
84 0.0287766
85 -0.0627803
86 -0.163826
87 0.210654
88 0.168369
89 0.16689
90 -0.285827
91 0.20545
92 0.0464817
93 -0.0389103
94 -0.16282
95 0.0736909
96 -0.0916103
97 -0.16705
98 0.0582497
99 0.172691
100 -0.136351
101 0.208884
102 -0.135345
103 -0.218316
104 0.246912
105 -0.0155812
106 -0.88767
107 -0.00928319
108 -0.357692
109 0.0673241
110 0.251503
111 0.223
112 -0.156016
113 -0.237154
114 -0.241364
115 0.0423281
116 -0.146888
117 0.174043
118 -0.377973
119 -0.398196
120 0.0944545
121 -0.19065
122 0.234196
123 0.104307
124 -0.142004
125 0.192151
126 -0.419082
127 0.112965
128 -0.220814
129 -0.30281
130 -0.332795
131 -0.0328577
132 -0.108658
133 -0.119659
134 -0.128411
135 -0.0567751
136 0.082572
137 -0.273383
138 -0.288392
139 0.115582
140 0.224914
141 0.165211
142 0.0805065
143 0.0184981
144 0.20937
145 -0.0831646
146 0.227931
147 -0.334599
148 -0.198355
149 -0.220175
150 -0.134095
151 0.087547
152 -0.300095
153 -0.0753375
154 0.0243844
155 0.107225
156 0.158608
157 -0.267884
158 -0.243959
159 -0.00368798
160 0.161956
161 -0.238755
162 0.285171
163 -0.218203
164 -0.0098996
165 0.0773572
166 -0.278118
167 -0.203524
168 -0.0642952
169 0.0143316
170 -0.327242
171 0.202328
172 0.0183155
173 0.00149012
174 0.11167
175 -0.325404
176 0.177098
177 0.0474434
178 0.0507282
179 -0.0479473
180 0.06144
181 0.0711685
182 -0.246705
183 -0.13216
184 -0.530039
185 0.280988
186 0.16455
187 -0.00856659
188 0.110756
189 -0.313702
190 -0.205255
191 0.0127361
192 -0.242109
193 -0.232943
194 0.239277
195 0.148358
196 -0.0144646
197 -0.328418
198 0.0216757
199 0.246551
200 -0.126249
201 -0.414827
202 0.315118
203 0.152292
204 -0.126609
205 -0.0499982
206 0.202664
207 0.120812
208 0.00934584
209 -0.0173515
210 0.216616
211 -0.27515
212 0.1797
213 -0.219935
214 0.14426
215 0.152791
216 0.14213
217 0.068814
218 0.0832858
219 0.0634365
220 -0.327199
221 -0.20283
222 0.102071
223 -0.0352881
224 0.143271
225 -0.18435
226 -0.0218892
227 -0.0729715
228 0.272101
229 -0.286332
230 0.146942
231 -0.1238
232 -0.169215
233 -0.0180469
234 0.309879
235 -0.0823946
236 -0.17037
237 -0.080755
238 -0.0836931
239 -0.269359
240 0.223286
241 -0.0487177
242 0.0502152
243 0.0129009
244 -0.258776
245 -0.114677
246 -0.124366
247 -0.270007
248 -0.242076
249 -0.330666
250 -0.315007
251 0.129435
252 0.170304
253 -0.36914
254 -0.106777
255 0.314854
256 0.00902646
257 -0.332432
258 0.0343278
259 -0.383969
260 0.0178133
261 0.0952857
262 -0.26538
263 -0.233856
264 0.153921
265 0.21199
266 -0.136314
267 -0.0996685
268 0.11522
269 -0.194932
270 -0.0792901
271 -0.0908744
272 -0.00544069
273 -0.065216
274 0.311452
275 0.111547
276 0.0404986
277 -0.274799
278 0.203355
279 -0.0212338
280 -0.075633
281 0.0758538
282 -0.240542
283 -0.230761
284 -0.172253
285 -0.0713086
286 -0.00933812
287 -0.208027
288 -0.136223
289 0.16827
290 -0.140801
291 0.183916
292 0.0284093
293 -0.432692
294 -0.13059
295 0.0851516
296 -0.125238
297 0.0190741
298 -0.104796
299 0.0805961
300 0.0949618
301 -0.307582
302 -0.0057498
303 0.0931996
304 -0.241865
305 0.217812
306 0.0836667
307 -0.126889
308 0.236478
309 0.145707
310 0.101173
311 -0.355861
312 -0.172759
313 0.191366
314 0.283795
315 0.0287329
316 -0.150108
317 -0.0370735
318 -0.162905
319 0.114994
320 -0.18473
321 -0.0487436
322 0.224402
323 0.169088
324 -0.14431
325 -0.058943
326 -0.00469377
327 0.0966289
328 -0.0430537
329 -0.376879
330 -0.162275
331 -0.204881
332 -0.516133
333 0.34084
334 -0.424622
335 -0.194705
336 -0.0576207
337 0.195866
338 -0.270572
339 0.0278601
340 0.165996
341 -0.0623886
342 -0.355852
343 0.0897584
344 0.0995985
345 0.224665
346 -0.114778
347 -0.0200254
348 0.176044
349 -0.167888
350 -0.274984
351 0.32019
352 -0.293836
353 -0.210179
354 -0.21236
355 -0.162937
356 -0.263748
357 0.0288429
358 0.146961
359 -0.182744
360 -0.306216
361 -0.0119663
362 -0.325671
363 0.117784
364 0.0484529
365 0.0852525
366 -0.355733
367 0.347115
368 0.275744
369 -0.0184717
370 -0.381056
371 -0.0696159
372 0.221921
373 -0.439515
374 -0.275573
375 0.242964
376 -0.133664
377 0.00814754
378 0.0215531
379 -0.198861
380 -0.0981516
381 -0.00261042
382 0.0546739
383 -0.327965
384 0.0544083
385 -0.170313
386 0.290884
387 -0.20102
388 0.0656347
389 0.0896984
390 0.347232
391 -0.0954407
392 0.0538566
393 -0.224738
394 -0.0075906
395 0.151146
396 -0.0591813
397 0.206641
398 -0.252935
399 -0.00106999
400 -0.263087
401 -0.249755
402 -0.15103
403 -0.00104967
404 0.129953
405 -0.132357
406 0.123408
407 0.125839
408 0.0435092
409 0.206652
410 -0.266767
411 0.144387
412 0.120707
413 -0.0568012
414 -0.186441
415 0.15089
416 0.0801313
417 0.1305
418 -0.475473
419 0.167917
420 0.0485349
421 -0.511657
422 -0.290346
423 0.0116527
424 0.0121337
425 0.101925
426 0.303901
427 0.138069
428 0.100416
429 -0.0059579
430 -0.368464
431 -0.404395
432 -0.117717
433 0.209454
434 -0.148852
435 -0.0783104
436 0.26352
437 0.166587
438 0.273122
439 0.30867
440 -0.151752
441 0.191242
442 -0.255786
443 -0.0304539
444 0.113166
445 -0.154772
446 -0.347048
447 0.0854961
448 -0.195078
449 -0.163134
450 0.188448
451 0.169796
452 -0.117595
453 -0.0968613
454 -0.129024
455 -0.0427947
456 -0.184411
457 -0.316037
458 0.0240663
459 0.319439
460 -0.312309
461 -0.362361
462 -0.316673
463 0.0947356
464 -0.153733
465 -0.148829
466 0.0378626
467 0.0349528
468 -0.100542
469 -0.106572
470 0.106781
471 -0.135519
472 -0.0666849
473 -0.0697382
474 0.0309734
475 -0.0312427
476 -0.10461
477 -0.0686154
478 0.239708
479 -0.198011
480 0.0624784
481 -0.37526
482 0.165762
483 0.212504
484 0.0449206
485 0.0779447
486 -0.21685
487 0.0499389
488 -0.03863
489 -0.198739
490 -0.156664
491 0.00535992
492 0.22645
493 0.0217531
494 -0.315995
495 -0.0427309
496 0.0159406
497 -0.14826
498 -0.283776
499 -0.310585
500 0.121539
501 0.134631
502 -0.279236
503 -0.211048
504 0.123367
505 -0.0373961
506 -0.402592
507 -0.00533291
508 -0.0318954
509 -0.0370679
510 -0.190809
511 0.0999294
512 0.177541
513 -0.0178919
514 0.278127
515 0.146091
516 -0.201821
517 0.0525461
518 -0.162258
519 -0.113713
520 -0.1113
521 -0.0328593
522 -0.0518536
523 -0.0580512
524 0.181657
525 -0.330508
526 -0.291476
527 -0.00453288
528 0.306696
529 -0.307631
530 0.136767
531 -0.175222
532 0.223457
533 0.199269
534 -0.375348
535 0.232686
536 -0.210295
537 -0.162734
538 -0.267435
539 -0.0727024
540 0.00395384
541 0.213167
542 0.0476989
543 -0.175221
544 -0.257677
545 -0.129372
546 0.124938
547 -0.330683
548 0.137964
549 0.0109636
550 -0.168153
551 0.337822
552 -0.259076
553 0.082072
554 0.0205935
555 0.119152
556 -0.355421
557 0.060545
558 -0.0878266
559 0.195379
560 -0.0375078
561 -0.10192
562 -0.150228
563 0.136987
564 -0.333026
565 -0.572316
566 -0.117272
567 0.0709408
568 0.0694601
569 -0.0763935
570 0.228603
571 0.278187
572 0.158965
573 0.0522479
574 -0.201938
575 -0.373787
576 0.202257
577 -0.00869362
578 0.0517072
579 -0.0340115
580 -0.271893
581 0.155717
582 -0.15773
583 0.118484
584 -0.0727046
585 -0.187095
586 -0.133295
587 -0.25962
588 0.0923696
589 0.0326611
590 0.0459792
591 -0.145841
592 -0.163971
593 -0.202261
594 -0.0751102
595 0.0177108
596 -0.193838
597 0.154747
598 0.12724
599 0.0964056
600 -0.00401876
601 -0.138678
602 0.215787
603 -0.0679846
604 -0.146918
605 -0.130793
606 -0.355877
607 -0.0120328
608 0.159185
609 -0.372502
610 0.053736
611 0.127469
612 0.218547
613 0.124362
614 -0.00997167
615 0.187696
616 -0.253259
617 -0.517318
618 0.232999
619 0.161579
620 -0.119464
621 0.241133
622 0.214872
623 -0.0771066
624 0.214236
625 -0.399677
626 0.0968699
627 -0.0778117
628 -0.0576369
629 -0.28109
630 -0.0633258
631 0.343115
632 0.171941
633 -0.181771
634 0.0232317
635 0.0352859
636 -0.422585
637 -0.30878
638 0.0740396
639 -0.0251423
640 -0.0487059
641 -0.102043
642 -0.236866
643 -0.123657
644 -0.398397
645 -0.325335
646 -0.238783
647 0.211303
648 0.149232
649 0.242881
650 0.279827
651 -0.0430736
652 -0.0196642
653 -0.274843
654 0.0323889
655 -0.186832
656 0.258629
657 -0.0614765
658 0.469614
659 -0.00314451
660 0.119091
661 -0.233719
662 -0.11668
663 -0.093175
664 0.0979861
665 -0.242364
666 0.15989
667 -0.119721
668 -0.105752
669 -0.0856889
670 0.126446
671 -0.011645
672 -0.0148
673 -0.511645
674 0.16179
675 0.0231093
676 0.0801286
677 0.249316
678 0.278333
679 -0.058901
680 0.230989
681 -0.0880951
682 0.0258789
683 0.00118723
684 -0.0775645
685 -0.0145144
686 0.0329555
687 -0.0565397
688 -0.0837832
689 0.149517
690 0.0350562
691 -0.182356
692 0.0811943
693 0.14541
694 0.162776
695 0.0935725
696 -0.289829
697 -0.178709
698 0.246441
699 0.268198
700 -0.123191
701 -0.204372
702 0.0324268
703 -0.183768
704 -0.424771
705 -0.170361
706 -0.354175
707 0.123598
708 0.0819015
709 0.0676076
710 0.0964611
711 -0.126101
712 -0.00936572
713 0.224205
714 -0.390532
715 0.10444
716 -0.196171
717 0.0234445
718 -0.0332258
719 0.154685
720 0.116494
721 -0.39115
722 -0.230552
723 -0.0899182
724 0.06359
725 0.106991
726 -0.0149963
727 0.184053
728 -0.243601
729 0.17343
730 -0.289635
731 -0.161278
732 -0.433244
733 0.202961
734 -0.175997
735 -0.247005
736 -0.156477
737 0.152314
738 -0.275218
739 -0.224719
740 0.168697
741 0.0753637
742 -0.0968373
743 -0.0848055
744 -0.140067
745 -0.0307396
746 -0.145602
747 0.111706
748 0.00301543
749 -0.28279
750 0.205123
751 -0.042665
752 0.239746
753 0.00958187
754 0.241962
755 0.0501542
756 0.00597988
757 0.113719
758 0.000301456
759 0.174838
760 0.308339
761 -0.029755
762 0.0166695
763 -0.121404
764 0.147162
765 0.072405
766 -0.271781
767 -0.191234
768 0.0142507
769 0.0739841
770 0.250962
771 -0.107889
772 -0.16954
773 0.0623446
774 0.319126
775 -0.259279
776 0.133177
777 -0.113665
778 -0.0698904
779 0.0664386
780 -0.341794
781 0.112919
782 0.151207
783 -0.277258
784 0.0959599
785 0.188231
786 0.180108
787 -0.144255
788 0.190841
789 -0.0162974
790 -0.404179
791 -0.125806
792 -0.0191594
793 0.262585
794 0.0982581
795 0.133411
796 0.240735
797 0.0587587
798 0.069377
799 0.165255
800 -0.219713
801 0.179414
802 0.256026
803 -0.134064
804 -0.0219349
805 -0.11293
806 0.190741
807 0.147181
808 -0.022884
809 -0.0613016
810 -0.0472899
811 0.262554
812 -0.15553
813 0.15163
814 0.0599569
815 -0.163663
816 -0.145752
817 0.270325
818 -0.00704273
819 0.0584057
820 0.0928757
821 -0.274016
822 0.0449635
823 0.0657106
824 -0.250364
825 -0.198706
826 -0.311487
827 0.130568
828 -0.241573
829 -0.364163
830 0.0202843
831 -0.21071
832 0.199071
833 -0.301458
834 -0.0212036
835 0.187824
836 -0.0536767
837 -0.336565
838 0.00670813
839 -0.199667
840 -0.209501
841 0.164484
842 0.0312956
843 -0.0947791
844 -0.223938
845 0.234253
846 -0.425066
847 -0.250022
848 -0.168165
849 0.0154378
