0 0
1 0
2 0
3 0
4 0
5 0
6 0
7 0
8 0
9 0.143193
10 1.58985
11 0
12 0
13 1.39815
14 1.06933
15 0
16 0
17 0
18 0
19 0
20 0
21 0
22 0
23 0
24 0
25 0.11286
26 1.55952
27 0
28 0
29 1.36782
30 1.039
31 0
32 0.0486992
33 0
34 0
35 0
36 0
37 0
38 0
39 0
40 0
41 0.222297
42 1.66896
43 0
44 0
45 1.47726
46 1.14844
47 0
48 0
49 0
50 0
51 0
52 0
53 0
54 0
55 0
56 0
57 0.139875
58 1.58654
59 0
60 0
61 1.39484
62 1.06602
63 0
64 0
65 0
66 0
67 0
68 0
69 0
70 0
71 0
72 0
73 0.0397071
74 1.48637
75 0
76 0
77 1.29467
78 0.965848
79 0
80 0
81 0
82 0
83 0
84 0
85 0
86 0
87 0
88 0
89 0.0656216
90 1.51228
91 0
92 0
93 1.32058
94 0.991762
95 0
96 0
97 0
98 0
99 0
100 0
101 0
102 0
103 0
104 0
105 0.0806914
106 1.52735
107 0
108 0
109 1.33565
110 1.00683
111 0
112 0
113 0
114 0
115 0
116 0
117 0
118 0
119 0
120 0
121 0.0568413
122 1.5035
123 0
124 0
125 1.3118
126 0.982982
127 0
128 0
129 0
130 0
131 0
132 0
133 0
134 0
135 0
136 0
137 0.0844664
138 1.53113
139 0
140 0
141 1.33943
142 1.01061
143 0
144 0
145 0
146 0
147 0
148 0
149 0
150 0
151 0
152 0
153 0.128745
154 1.57541
155 0
156 0
157 1.38371
158 1.05489
159 0
160 0
161 0
162 0
163 0
164 0
165 0
166 0
167 0
168 0
169 0.033333
170 1.48
171 0
172 0
173 1.28829
174 0.959474
175 0
176 0
177 0
178 0
179 0
180 0
181 0
182 0
183 0
184 0
185 0.0718732
186 1.51854
187 0
188 0
189 1.32683
190 0.998014
191 0
192 0
193 0
194 0
195 0
196 0
197 0
198 0
199 0
200 0
201 0.159157
202 1.60582
203 0
204 0
205 1.41412
206 1.0853
207 0
208 0.0257616
209 0
210 0
211 0
212 0
213 0
214 0
215 0
216 0
217 0.199359
218 1.64602
219 0
220 0
221 1.45432
222 1.1255
223 0
224 0
225 0
226 0
227 0
228 0
229 0
230 0
231 0
232 0
233 0.170296
234 1.61696
235 0
236 0
237 1.42526
238 1.09644
239 0
240 0
241 0
242 0
243 0
244 0
245 0
246 0
247 0
248 0
249 0.0451881
250 1.49185
251 0
252 0
253 1.30015
254 0.971329
255 0
